0.4792	0.4792
0.0728	0.0728
0.4375	0.4375
0.1547	0.1483
0.175	0.175
0.4375	0.4375
0.2009	0.1974
0.3061	0.3061
0.16	0.16
0.3333	0.3333
0.75	0.75
0.3056	0.3056
0.3125	0.3125
0.8857	0.8857
0.6857	0.6857
0.4505	0.4505
0.2455	0.2455
0.6167	0.6167
0.7692	0.7692
0.1882	0.1852
0.0714	0.0714
0.3333	0.3333
0.4848	0.4848
0.28	0.28
0.2949	0.2949
0.0103	0.0103
0.1579	0.1579
0.0313	0.0313
0.3125	0.3125
0.4286	0.4286
0.125	0.125
0.8	0.8
0.042	0.0339
0.5106	0.5106
0.1341	0.1341
0.0	0.0
0.2466	0.2466
0.25	0.25
0.0081	0.0081
0.1016	0.1016
0.1126	0.1126
0.4778	0.4778
0.1613	0.1613
0.4444	0.4444
0.1862	0.1862
0.339	0.339
0.04	0.04
0.064	0.064
0.0532	0.0532
0.4466	0.4466
0.4167	0.4167
0.0583	0.0583
0.3393	0.3393
0.1094	0.1027
0.2	0.2
0.1875	0.1875
0.2179	0.2146
0.449	0.449
0.2	0.2
0.0993	0.0993
0.875	0.875
0.3056	0.3056
0.3125	0.3125
0.8857	0.8857
0.8286	0.8286
0.4286	0.4286
0.1455	0.1455
0.3667	0.3667
0.6923	0.6923
0.0332	0.0296
0.0	0.0
0.3077	0.3077
0.4545	0.4545
0.24	0.2339
0.3205	0.3205
0.2165	0.2165
0.4474	0.4474
0.0313	0.0313
0.1875	0.1875
0.7143	0.7143
0.1667	0.1667
0.8	0.8
0.0924	0.0924
0.2979	0.2979
0.3171	0.3086
0.2	0.2
0.0822	0.0822
0.1818	0.1818
0.0488	0.041
0.125	0.125
0.2053	0.2
0.5444	0.5444
0.1613	0.1613
0.2222	0.2222
0.1862	0.1862
0.3729	0.3729
0.08	0.08
0.032	0.032
0.2021	0.2021
0.3786	0.3786
0.625	0.625
0.1893	0.1893
0.2857	0.2857
0.2151	0.2151
0.475	0.475
0.5	0.5
0.3077	0.3077
0.5918	0.5918
0.28	0.28
0.2624	0.2624
0.875	0.875
0.3333	0.3333
0.375	0.375
0.8857	0.8857
1.0	1.0
0.4286	0.4286
0.2273	0.2273
0.6833	0.6833
1.0	1.0
0.2111	0.2111
0.2143	0.2143
0.5385	0.5385
0.5758	0.5758
0.408	0.408
0.3718	0.3718
0.3608	0.3608
0.5526	0.5526
0.0469	0.0469
0.625	0.625
0.7143	0.7143
0.125	0.125
0.8	0.8
0.0672	0.0672
0.4468	0.4468
0.2805	0.2805
0.3333	0.3333
0.4247	0.4167
0.5682	0.5682
0.0	0.0
0.2813	0.2813
0.4333	0.4333
0.2889	0.2889
0.2097	0.2097
0.4444	0.4444
0.1862	0.1862
0.5763	0.5763
0.08	0.08
0.392	0.392
0.2447	0.2447
0.4563	0.4563
0.625	0.625
0.1893	0.1893
0.3393	0.3393
0.1811	0.1811
0.525	0.525
0.5	0.5
0.3162	0.3162
0.5714	0.5714
0.32	0.32
0.3191	0.3191
0.875	0.875
0.3056	0.3056
0.375	0.375
0.8857	0.8857
1.0	1.0
0.4286	0.4286
0.2273	0.2273
0.6833	0.6833
1.0	1.0
0.2103	0.2074
0.2857	0.2857
0.5897	0.5897
0.5758	0.5758
0.408	0.408
0.3846	0.3846
0.3608	0.3608
0.5526	0.5526
0.1094	0.1094
0.75	0.75
0.7143	0.7143
0.1667	0.1667
0.85	0.85
0.0672	0.0672
0.4468	0.4468
0.3659	0.3659
0.4	0.4
0.4247	0.4167
0.5455	0.5455
0.0407	0.0407
0.2813	0.2813
0.4305	0.4267
0.2889	0.2889
0.2097	0.2097
0.4444	0.4444
0.2138	0.2138
0.5932	0.5932
0.08	0.08
0.36	0.36
0.2447	0.2447
0.4757	0.4757
0.7083	0.7083
0.2829	0.2304
0.4865	0.4673
0.1985	0.1566
0.675	0.6667
0.8125	0.7692
0.3333	0.3004
0.7551	0.75
0.16	0.16
0.461	0.4453
0.875	0.875
0.6389	0.6286
0.4375	0.4
0.7714	0.7576
0.8	0.8
0.4725	0.4607
0.3394	0.3271
0.8814	0.8793
0.6923	0.6923
0.1697	0.1573
0.5	0.4615
0.8205	0.8108
0.3333	0.3333
0.304	0.2627
0.5897	0.5897
0.4536	0.4362
0.5	0.5
0.125	0.0968
0.5625	0.5625
0.8571	0.8571
0.3333	0.3
0.7	0.6842
0.6271	0.56
0.3191	0.3191
0.2073	0.2073
0.4	0.3571
0.1918	0.1918
0.5909	0.5909
0.1385	0.0667
0.2734	0.256
0.2649	0.26
0.3667	0.3523
0.7288	0.6863
0.375	0.375
0.25	0.2286
0.6949	0.6842
0.24	0.24
0.4237	0.4138
0.5714	0.5
0.4757	0.4706
0.75	0.75
0.3171	0.267
0.4911	0.4673
0.2176	0.1767
0.675	0.6667
0.8125	0.7692
0.146	0.1345
0.8367	0.8333
0.2	0.2
0.4714	0.4599
0.875	0.875
0.6111	0.6
0.375	0.3333
0.8857	0.8788
0.7714	0.7714
0.4725	0.4607
0.4364	0.4206
0.8667	0.8621
0.7692	0.7692
0.1697	0.1573
0.5	0.4615
0.8718	0.8649
0.3939	0.3939
0.2353	0.2288
0.5769	0.5769
0.5521	0.5426
0.4211	0.4211
0.0323	0.0323
0.4375	0.4375
0.7143	0.7143
0.4583	0.35
0.7895	0.7895
0.514	0.48
0.2979	0.2979
0.378	0.378
0.4667	0.4286
0.3151	0.3151
0.5227	0.5227
0.6098	0.2
0.2969	0.28
0.2185	0.2133
0.4205	0.4205
0.7742	0.7255
0.5556	0.5
0.2917	0.2714
0.6949	0.6842
0.72	0.72
0.5122	0.4828
0.5889	0.5256
0.5588	0.5588
0.6042	0.6042
0.1854	0.1814
0.2857	0.2857
0.1472	0.1472
0.35	0.35
0.3125	0.3125
0.2222	0.2222
0.4286	0.4286
0.32	0.32
0.2429	0.2429
0.75	0.75
0.3333	0.3333
0.5	0.5
0.8571	0.8571
0.9143	0.9143
0.5165	0.5165
0.2455	0.2455
0.7	0.7
0.7692	0.7692
0.155	0.155
0.2143	0.2143
0.4359	0.4359
0.5455	0.5455
0.416	0.416
0.4211	0.4211
0.0619	0.0619
0.5526	0.5526
0.0781	0.0781
0.5625	0.5625
0.5714	0.5714
0.125	0.125
0.65	0.65
0.1176	0.1102
0.3404	0.3404
0.2561	0.2561
0.2	0.2
0.411	0.411
0.6364	0.6364
0.0081	0.0081
0.1406	0.1406
0.2583	0.2533
0.5111	0.5111
0.1774	0.1774
0.2222	0.2222
0.2	0.2
0.4407	0.4407
0.48	0.48
0.432	0.432
0.266	0.266
0.5146	0.5098
0.6667	0.6667
0.2732	0.2696
0.2411	0.2411
0.1208	0.1208
0.425	0.425
0.0	0.0
0.235	0.235
0.3878	0.3878
0.44	0.44
0.1702	0.1643
0.875	0.875
0.3889	0.3889
0.4375	0.4375
0.7714	0.7714
0.8571	0.8571
0.033	0.033
0.2545	0.2545
0.7333	0.7333
0.6923	0.6923
0.1476	0.1476
0.2143	0.2143
0.5641	0.5641
0.6061	0.6061
0.0	0.0
0.6282	0.6184
0.0825	0.0825
0.5	0.5
0.0625	0.0625
0.375	0.375
0.5714	0.5714
0.125	0.125
0.7	0.7
0.0847	0.0847
0.4043	0.4043
0.2561	0.2561
0.0	0.0
0.3699	0.3699
0.5909	0.5909
0.0244	0.0244
0.0703	0.0703
0.3576	0.3533
0.5	0.5
0.1452	0.1452
0.2222	0.2222
0.2207	0.2207
0.4237	0.4237
0.24	0.24
0.448	0.448
0.3617	0.3617
0.5049	0.5
0.625	0.625
0.2476	0.2365
0.4375	0.4375
0.2528	0.2471
0.55	0.55
0.4375	0.4375
0.2564	0.2564
0.5102	0.5102
0.36	0.36
0.3333	0.3333
0.875	0.875
0.4722	0.4722
0.5	0.5
0.9143	0.9143
1.0	1.0
0.5714	0.5714
0.3364	0.3364
0.8167	0.8167
0.8462	0.8462
0.1218	0.1218
0.1429	0.1429
0.0769	0.0769
0.4848	0.4848
0.28	0.28
0.5385	0.5385
0.0412	0.0412
0.6842	0.6842
0.0625	0.0625
0.75	0.75
0.7143	0.7143
0.125	0.125
0.85	0.85
0.084	0.084
0.4468	0.4468
0.4024	0.4024
0.4667	0.4667
0.4247	0.4247
0.4545	0.4545
0.0163	0.0163
0.3672	0.3672
0.2252	0.2252
0.4778	0.4598
0.2097	0.2097
0.4444	0.4444
0.2828	0.2778
0.5254	0.5254
0.64	0.64
0.36	0.36
0.4255	0.4255
0.4854	0.4854
0.8723	0.8723
0.2864	0.2759
0.4643	0.4643
0.2113	0.1992
0.45	0.45
0.4375	0.4375
0.2403	0.2403
0.4898	0.4898
0.0	0.0
0.2057	0.2057
0.875	0.875
0.3611	0.3611
0.25	0.25
0.9429	0.9429
1.0	1.0
0.4778	0.4778
0.2182	0.2182
0.7167	0.7167
0.9231	0.9231
0.1181	0.0947
0.3077	0.3077
0.5641	0.5641
0.697	0.6774
0.3145	0.2975
0.3846	0.3846
0.1959	0.1959
0.5526	0.5526
0.0625	0.0625
0.6875	0.6875
1.0	1.0
0.1667	0.1667
0.85	0.85
0.0924	0.0924
0.4681	0.4681
0.5122	0.5122
0.4667	0.4667
0.3699	0.3699
0.5682	0.5682
0.0163	0.0163
0.2188	0.2188
0.4636	0.449
0.4889	0.4889
0.2097	0.2097
0.4444	0.4444
0.2431	0.2378
0.5085	0.5085
0.44	0.44
0.24	0.24
0.3617	0.3617
0.4369	0.4369
0.875	0.8723
0.3039	0.3005
0.4732	0.4732
0.187	0.1839
0.475	0.475
0.4375	0.4375
0.265	0.2618
0.4898	0.4898
0.08	0.08
0.3333	0.3333
0.875	0.875
0.4167	0.4167
0.3125	0.3125
0.9429	0.9429
1.0	1.0
0.5495	0.5444
0.2455	0.2455
0.75	0.75
0.9231	0.9231
0.1747	0.1591
0.4286	0.3846
0.3333	0.3333
0.7097	0.7097
0.3871	0.3719
0.4487	0.4487
0.1546	0.1546
0.5	0.5
0.0625	0.0625
0.75	0.75
1.0	1.0
0.2083	0.2083
0.85	0.85
0.0924	0.0924
0.5106	0.5106
0.5	0.5
0.4667	0.4667
0.4247	0.4247
0.4545	0.4545
0.0163	0.0163
0.2656	0.2656
0.4631	0.4558
0.4889	0.4889
0.2097	0.2097
0.3333	0.3333
0.2828	0.2727
0.5254	0.5254
0.48	0.48
0.32	0.32
0.383	0.383
0.4272	0.4272
0.7917	0.7917
0.3122	0.3122
0.5676	0.5676
0.1711	0.155
0.5	0.5
0.4375	0.4375
0.2661	0.2661
0.6735	0.6735
0.48	0.48
0.4894	0.4783
0.875	0.875
0.3333	0.3333
0.1875	0.1875
0.8857	0.8857
0.9714	0.9714
0.4835	0.4835
0.287	0.287
0.7667	0.7667
0.9231	0.9231
0.1524	0.1461
0.2857	0.2308
0.4615	0.4615
0.5758	0.5758
0.424	0.424
0.2949	0.2949
0.5	0.4947
0.5263	0.5263
0.1746	0.1746
0.0625	0.0625
0.8571	0.8571
0.0833	0.0833
0.75	0.75
0.0756	0.0756
0.4255	0.4255
0.5309	0.5309
0.3333	0.3333
0.3288	0.3288
0.7045	0.7045
0.0163	0.0163
0.3047	0.3047
0.3444	0.3444
0.6023	0.6023
0.2742	0.2742
0.5556	0.5
0.1862	0.1862
0.5593	0.5593
0.16	0.16
0.272	0.272
0.3936	0.3936
0.4757	0.4757
0.8333	0.8333
0.2864	0.2829
0.4375	0.4324
0.1623	0.1395
0.4	0.4
0.625	0.625
0.265	0.2618
0.6735	0.6735
0.44	0.44
0.4823	0.471
0.875	0.875
0.3333	0.3333
0.25	0.25
0.9429	0.9429
1.0	1.0
0.4835	0.4835
0.3636	0.3519
0.7167	0.7167
1.0	1.0
0.1599	0.1536
0.3077	0.3077
0.5128	0.5128
0.5152	0.5152
0.4	0.4
0.359	0.359
0.5	0.4947
0.5263	0.5263
0.3281	0.3175
0.0625	0.0625
0.8571	0.8571
0.1667	0.1667
0.75	0.75
0.084	0.084
0.4468	0.4468
0.5976	0.5926
0.3333	0.3333
0.2603	0.2603
0.75	0.75
0.0163	0.0163
0.1484	0.1484
0.3775	0.3775
0.5556	0.5455
0.2903	0.2903
0.5556	0.5
0.1241	0.1241
0.5254	0.5254
0.6	0.6
0.232	0.232
0.3511	0.3511
0.5825	0.5825
0.6875	0.6875
0.2379	0.2341
0.4643	0.4643
0.1736	0.1673
0.425	0.425
0.4375	0.4375
0.2564	0.2564
0.6122	0.6122
0.2	0.2
0.2357	0.2357
0.875	0.875
0.4444	0.4444
0.625	0.625
0.9143	0.9143
0.9143	0.9143
0.4286	0.4222
0.4128	0.4074
0.85	0.85
0.9231	0.9231
0.1439	0.1439
0.1429	0.1429
0.1795	0.1795
0.4848	0.4848
0.3248	0.319
0.6447	0.64
0.299	0.2917
0.8421	0.8333
0.1818	0.1818
0.25	0.25
0.7143	0.7143
0.125	0.125
0.85	0.85
0.084	0.084
0.5532	0.5435
0.3293	0.3293
0.0	0.0
0.3611	0.3611
0.619	0.619
0.0163	0.0163
0.216	0.216
0.0	0.0
0.4222	0.3953
0.3871	0.3871
0.4444	0.375
0.2	0.2
0.4068	0.4068
0.28	0.28
0.4355	0.4309
0.3511	0.3441
0.4216	0.4216
0.6667	0.6667
0.2732	0.2732
0.4732	0.4732
0.1179	0.1179
0.55	0.55
0.3125	0.3125
0.1966	0.1966
0.5306	0.5306
0.2	0.2
0.1986	0.1929
0.875	0.875
0.5833	0.5833
0.0625	0.0625
0.8571	0.8571
0.9143	0.9143
0.4066	0.4
0.2936	0.287
0.8167	0.8167
0.9231	0.9231
0.0886	0.0644
0.4286	0.4286
0.4615	0.4615
0.4848	0.4848
0.3145	0.2672
0.6538	0.64
0.1237	0.1146
0.5833	0.5833
0.5313	0.4545
0.0625	0.0625
0.7143	0.7143
0.0833	0.0833
0.8	0.8
0.0924	0.0924
0.3696	0.3696
0.5	0.5
0.2	0.2
0.2329	0.2222
0.75	0.7381
0.0163	0.0163
0.3516	0.336
0.0	0.0
0.3721	0.3721
0.4032	0.4032
0.125	0.125
0.1793	0.1793
0.4237	0.4237
0.32	0.32
0.328	0.3171
0.0538	0.0538
0.4563	0.451
0.7917	0.7917
0.2745	0.2525
0.4554	0.4554
0.1641	0.1577
0.625	0.6154
0.4375	0.4
0.2735	0.2735
0.6327	0.6327
0.24	0.1739
0.3759	0.3669
0.875	0.875
0.6111	0.6111
0.375	0.375
0.9429	0.9429
0.8286	0.8286
0.5275	0.5275
0.1667	0.1176
0.7	0.7
0.8462	0.8462
0.2915	0.2782
0.0714	0.0714
0.6154	0.6154
0.5152	0.5152
0.448	0.4435
0.2308	0.2308
0.1546	0.1458
0.6842	0.6667
0.25	0.25
0.4375	0.4375
1.0	1.0
0.0417	0.0417
0.75	0.75
0.1765	0.1552
0.4894	0.4894
0.1341	0.1235
0.2	0.2
0.137	0.137
0.4091	0.3953
0.1138	0.0684
0.4844	0.4454
0.3974	0.3851
0.4889	0.4889
0.2903	0.2903
0.1111	0.1111
0.1875	0.1875
0.2931	0.2931
0.32	0.32
0.1951	0.1951
0.3404	0.3404
0.5882	0.58
0.8333	0.8333
0.302	0.2879
0.375	0.375
0.2075	0.1923
0.7692	0.7692
0.4667	0.4667
0.2735	0.2735
0.6327	0.6327
0.2083	0.1739
0.3022	0.3022
0.875	0.875
0.4167	0.4167
0.3125	0.3125
0.7429	0.7429
0.6857	0.6857
0.4176	0.4176
0.2381	0.2157
0.6667	0.6667
0.7692	0.7692
0.2932	0.2932
0.1429	0.1429
0.6923	0.6923
0.2727	0.2727
0.371	0.371
0.2821	0.2821
0.1031	0.0938
0.7222	0.7222
0.2656	0.2656
0.625	0.625
0.7143	0.7143
0.0833	0.0833
0.85	0.85
0.0862	0.0862
0.5957	0.5957
0.2469	0.2469
0.2	0.2
0.1644	0.1644
0.4884	0.4884
0.1008	0.0855
0.1092	0.1092
0.42	0.4122
0.2556	0.2556
0.2258	0.2258
0.1111	0.1111
0.1862	0.1806
0.4237	0.4138
0.04	0.04
0.112	0.0976
0.234	0.234
0.5446	0.54
0.5417	0.5417
0.0388	0.0388
0.5179	0.5179
0.0642	0.0642
0.375	0.375
0.1875	0.1875
0.1752	0.1752
0.0816	0.0816
0.28	0.28
0.4894	0.4894
0.75	0.75
0.1667	0.1667
0.25	0.25
0.9429	0.9429
0.8571	0.8571
0.5165	0.5165
0.1455	0.1455
0.55	0.55
0.7692	0.7692
0.1185	0.1185
0.1429	0.1429
0.3333	0.3333
0.4545	0.4375
0.336	0.336
0.3718	0.3718
0.0309	0.0309
0.5	0.5
0.0625	0.0625
0.4375	0.4375
0.2857	0.2857
0.2917	0.2917
0.85	0.85
0.0924	0.0924
0.4043	0.4043
0.378	0.378
0.1333	0.1333
0.2329	0.2329
0.25	0.25
0.065	0.065
0.1641	0.1641
0.3245	0.3245
0.5111	0.5111
0.0161	0.0161
0.1111	0.1111
0.2098	0.2042
0.3559	0.3559
0.08	0.08
0.192	0.192
0.2128	0.2128
0.4563	0.4563
0.5625	0.5625
0.0485	0.0485
0.5	0.5
0.0528	0.0528
0.35	0.35
0.25	0.25
0.235	0.235
0.0816	0.0816
0.32	0.32
0.5106	0.5106
0.875	0.875
0.25	0.25
0.1875	0.1875
0.8571	0.8571
0.8	0.8
0.5385	0.5385
0.1273	0.1273
0.6	0.6
0.7692	0.7692
0.1587	0.1556
0.1429	0.1429
0.3333	0.3333
0.4545	0.4375
0.28	0.28
0.3846	0.3846
0.0103	0.0103
0.5	0.5
0.0	0.0
0.4375	0.4375
0.4286	0.4286
0.2083	0.2083
0.85	0.85
0.0924	0.0924
0.4468	0.4468
0.4146	0.4146
0.2	0.2
0.1507	0.1507
0.2727	0.2727
0.0894	0.0894
0.1484	0.1484
0.3775	0.3775
0.5111	0.5111
0.0161	0.0161
0.1111	0.1111
0.2552	0.2394
0.3729	0.3729
0.08	0.08
0.192	0.192
0.2021	0.2021
0.5243	0.5243
0.7708	0.7708
0.2524	0.2488
0.5	0.5
0.1629	0.1089
0.525	0.525
0.4375	0.4375
0.3675	0.3451
0.551	0.551
0.0	0.0
0.4929	0.4892
0.875	0.875
0.4167	0.4167
0.3125	0.3125
0.2571	0.2571
0.5143	0.5143
0.4286	0.4222
0.0636	0.0636
0.7	0.7
0.8462	0.8462
0.137	0.137
0.0	0.0
0.2308	0.2308
0.5152	0.5152
0.424	0.424
0.2051	0.2051
0.0412	0.0412
0.7895	0.7895
0.0469	0.0469
0.25	0.25
1.0	1.0
0.0417	0.0417
0.85	0.85
0.1008	0.0932
0.2979	0.2979
0.439	0.425
0.1333	0.1333
0.1644	0.1644
0.0	0.0
0.1382	0.124
0.127	0.127
0.1333	0.1333
0.5444	0.5444
0.129	0.129
0.1111	0.1111
0.2847	0.2797
0.339	0.339
0.08	0.08
0.008	0.008
0.3404	0.3404
0.5922	0.5922
0.7708	0.7708
0.2476	0.2439
0.5179	0.5179
0.2289	0.2258
0.5	0.5
0.5	0.5
0.2699	0.2699
0.6327	0.6327
0.32	0.32
0.5106	0.5036
0.875	0.875
0.5	0.5
0.125	0.125
0.4	0.4
0.8	0.8
0.5055	0.5
0.4182	0.4182
0.6833	0.6833
1.0	1.0
0.0701	0.0667
0.3571	0.3077
0.4359	0.4359
0.5152	0.5152
0.336	0.336
0.2821	0.2821
0.4639	0.4639
0.7895	0.7895
0.0469	0.0469
0.4375	0.4375
1.0	1.0
0.125	0.125
0.8	0.8
0.0847	0.0847
0.3617	0.3617
0.5062	0.5
0.1333	0.1333
0.1233	0.1233
0.75	0.7442
0.0496	0.0496
0.3906	0.381
0.3841	0.38
0.5667	0.5667
0.2097	0.2097
0.4444	0.4444
0.2153	0.2098
0.5085	0.5085
0.08	0.08
0.12	0.12
0.3085	0.3085
0.5146	0.5146
0.6875	0.6875
0.13	0.13
0.4643	0.4643
0.2091	0.2091
0.225	0.225
0.5	0.5
0.2414	0.2414
0.5102	0.5102
0.16	0.16
0.4255	0.4255
0.875	0.875
0.3056	0.3056
0.375	0.375
0.9429	0.9429
1.0	1.0
0.5275	0.5275
0.156	0.156
0.4833	0.4833
0.7692	0.7692
0.0959	0.0926
0.1429	0.1429
0.3846	0.3846
0.5625	0.5625
0.344	0.344
0.2692	0.2692
0.567	0.567
0.6053	0.6053
0.0625	0.0625
0.4375	0.4375
0.7143	0.7143
0.1739	0.1739
0.85	0.85
0.0513	0.0513
0.2979	0.2979
0.2439	0.2439
0.1333	0.1333
0.1507	0.1507
0.4091	0.4091
0.0244	0.0244
0.189	0.189
0.3557	0.3557
0.4111	0.4111
0.2167	0.2167
0.4444	0.4444
0.1931	0.1931
0.4407	0.4407
0.04	0.04
0.123	0.123
0.2527	0.2527
0.3981	0.3981
0.5208	0.5208
0.267	0.245
0.375	0.375
0.1547	0.1483
0.225	0.225
0.4375	0.4375
0.2436	0.2371
0.6735	0.6735
0.12	0.12
0.3901	0.3901
0.875	0.875
0.7222	0.7222
0.375	0.375
0.7429	0.7429
0.9714	0.9714
0.4835	0.4835
0.3091	0.3028
0.6667	0.6667
0.8462	0.8462
0.2148	0.2148
0.1429	0.1429
0.4359	0.4359
0.5455	0.5313
0.384	0.384
0.2436	0.2436
0.4845	0.4845
0.2895	0.2895
0.1406	0.1406
0.625	0.625
0.8571	0.8571
0.2083	0.1739
0.85	0.85
0.2101	0.1966
0.2979	0.2979
0.2683	0.2683
0.2	0.2
0.2877	0.2877
0.6591	0.6591
0.0081	0.0081
0.1641	0.1575
0.3245	0.3154
0.4778	0.4778
0.629	0.6167
0.4444	0.4444
0.2345	0.2345
0.5763	0.5763
0.44	0.44
0.272	0.2541
0.2979	0.2747
0.534	0.534
0.2292	0.2292
0.0485	0.0439
0.375	0.375
0.0491	0.0418
0.4	0.4
0.1875	0.1875
0.0427	0.0386
0.102	0.102
0.0	0.0
0.383	0.3786
0.75	0.75
0.25	0.25
0.1875	0.1875
0.8571	0.8571
1.0	1.0
0.4396	0.4396
0.1545	0.1389
0.5167	0.5167
0.6923	0.6923
0.0258	0.0258
0.2143	0.2143
0.3846	0.3846
0.4545	0.4545
0.2	0.2
0.2692	0.2297
0.0	0.0
0.5526	0.5526
0.2656	0.254
0.3125	0.3125
0.8571	0.8571
0.0417	0.0417
0.8	0.8
0.0756	0.0756
0.3191	0.3191
0.2073	0.2073
0.1333	0.1333
0.1918	0.1806
0.5	0.5
0.0325	0.0325
0.1328	0.126
0.3046	0.2857
0.3111	0.2955
0.2097	0.2097
0.2222	0.2222
0.1655	0.1103
0.339	0.339
0.0	0.0
0.072	0.0645
0.3723	0.3656
0.3107	0.3107
0.625	0.625
0.0597	0.0597
0.4107	0.4107
0.0913	0.0878
0.4	0.4
0.25	0.25
0.2	0.1964
0.5918	0.5918
0.24	0.24
0.4255	0.4255
0.875	0.875
0.4722	0.4571
0.0	0.0
0.8857	0.8857
1.0	1.0
0.3846	0.3846
0.2636	0.2569
0.6167	0.6167
0.6923	0.6923
0.0519	0.0483
0.3571	0.3571
0.4103	0.4103
0.5455	0.5313
0.312	0.312
0.4615	0.4615
0.4536	0.4536
0.5526	0.5526
0.1719	0.1719
0.0	0.0
0.5714	0.5714
0.0417	0.0417
0.8	0.8
0.0756	0.0756
0.4894	0.4894
0.1585	0.1585
0.4	0.4
0.2676	0.2676
0.6136	0.6136
0.0163	0.0163
0.1811	0.1811
0.4172	0.4133
0.5222	0.5222
0.2258	0.2258
0.2222	0.2222
0.1667	0.1667
0.4237	0.4237
0.08	0.08
0.36	0.36
0.117	0.117
0.3786	0.3786
0.0208	0.0208
0.2233	0.204
0.4018	0.4018
0.1136	0.1069
0.4	0.4
0.3125	0.3125
0.2618	0.2321
0.6122	0.6122
0.16	0.16
0.4468	0.4468
0.875	0.875
0.4286	0.4286
0.0625	0.0625
0.8286	0.8286
1.0	1.0
0.4505	0.4505
0.1835	0.1835
0.6	0.6
0.6154	0.6154
0.2074	0.2045
0.1429	0.1429
0.0769	0.0769
0.5313	0.5313
0.288	0.288
0.3333	0.3333
0.2887	0.2887
0.5263	0.5263
0.0156	0.0156
0.125	0.125
0.4286	0.4286
0.1667	0.1667
0.75	0.75
0.0672	0.0672
0.5106	0.5106
0.3537	0.3537
0.4	0.4
0.1918	0.169
0.1818	0.1818
0.122	0.122
0.3281	0.3228
0.18	0.18
0.5333	0.5333
0.2581	0.2581
0.1111	0.1111
0.2483	0.2431
0.4068	0.4068
0.08	0.08
0.144	0.144
0.0532	0.0532
0.4369	0.4369
0.7292	0.7234
0.2913	0.2772
0.3393	0.3211
0.0954	0.0849
0.3	0.3
0.25	0.25
0.1595	0.1595
0.2857	0.2857
0.12	0.12
0.2057	0.2057
0.875	0.875
0.4706	0.4706
0.375	0.3333
0.3714	0.3714
0.5143	0.5143
0.0989	0.0989
0.1818	0.1743
0.6	0.6
0.3077	0.3077
0.0849	0.0849
0.2143	0.2143
0.8158	0.8158
0.3636	0.3438
0.312	0.3065
0.2692	0.2692
0.3918	0.3918
0.2895	0.2895
0.0317	0.0161
0.3125	0.3125
0.5714	0.5714
0.0833	0.0833
0.55	0.55
0.1092	0.1017
0.234	0.234
0.1605	0.15
0.1333	0.1333
0.137	0.125
0.25	0.25
0.1463	0.1102
0.3359	0.32
0.2649	0.25
0.2111	0.2111
0.1452	0.1452
0.2222	0.2222
0.0828	0.0764
0.5254	0.5254
0.52	0.52
0.176	0.1694
0.2021	0.2021
0.3204	0.3204
0.4894	0.4894
0.0297	0.0297
0.4587	0.4587
0.0534	0.0425
0.55	0.55
0.1875	0.1875
0.3718	0.3664
0.2449	0.2449
0.24	0.24
0.3191	0.3191
0.875	0.875
0.4722	0.4412
0.4	0.4
0.6857	0.6857
0.6571	0.6571
0.0549	0.0549
0.055	0.055
0.65	0.65
0.6154	0.6154
0.0	0.0
0.1429	0.1429
0.7692	0.7632
0.4688	0.4688
0.379	0.379
0.2949	0.2949
0.0	0.0
0.5	0.5
0.0476	0.0323
0.125	0.125
0.5714	0.5714
0.0417	0.0417
0.85	0.85
0.0508	0.0508
0.4468	0.4468
0.5679	0.5625
0.3333	0.3333
0.0833	0.0833
0.1136	0.1136
0.0085	0.0085
0.384	0.384
0.1611	0.1554
0.5333	0.5333
0.3065	0.3065
0.0	0.0
0.2153	0.2153
0.6271	0.6271
0.0	0.0
0.0161	0.0161
0.0106	0.0106
0.5922	0.5922
0.625	0.625
0.0583	0.0583
0.4107	0.4107
0.1094	0.1094
0.525	0.525
0.4375	0.4375
0.2521	0.2521
0.6122	0.6122
0.48	0.4583
0.4752	0.4752
0.875	0.875
0.3056	0.3056
0.4375	0.4375
0.8	0.8
0.9714	0.9714
0.1758	0.1758
0.2909	0.2844
0.5333	0.5333
0.6923	0.6923
0.1667	0.1667
0.3571	0.3571
0.5128	0.5128
0.5455	0.5455
0.312	0.312
0.3718	0.3718
0.0928	0.0928
0.4474	0.4474
0.2188	0.2188
0.25	0.25
0.5714	0.5714
0.125	0.125
0.85	0.85
0.0924	0.0924
0.5319	0.5319
0.2683	0.2683
0.1333	0.1333
0.3014	0.2917
0.6364	0.6364
0.0081	0.0081
0.375	0.3651
0.106	0.106
0.3	0.3
0.1935	0.1935
0.4444	0.4444
0.1597	0.1597
0.5085	0.5085
0.04	0.04
0.3496	0.3496
0.1277	0.1277
0.4466	0.4412
0.5833	0.5833
0.0194	0.0194
0.4375	0.4375
0.1132	0.1132
0.4	0.4
0.5	0.5
0.2479	0.2479
0.6735	0.6735
0.48	0.4583
0.4894	0.4894
0.875	0.875
0.3333	0.3333
0.4375	0.4375
0.9429	0.9429
0.9714	0.9714
0.0879	0.0879
0.2202	0.2202
0.5333	0.5333
0.6923	0.6923
0.059	0.0556
0.3571	0.3571
0.4359	0.4359
0.5758	0.5758
0.288	0.288
0.3718	0.3718
0.2474	0.2474
0.5789	0.5789
0.2969	0.2969
0.1875	0.1875
0.1429	0.1429
0.0833	0.0833
0.75	0.75
0.1008	0.1008
0.5319	0.5319
0.1829	0.1829
0.1333	0.1333
0.274	0.2639
0.7045	0.7045
0.0244	0.0244
0.2302	0.2302
0.0265	0.0265
0.3111	0.3111
0.1935	0.1935
0.4444	0.4444
0.1517	0.1458
0.4915	0.4915
0.08	0.08
0.288	0.2764
0.1064	0.1064
0.3689	0.3627
0.7292	0.7292
0.233	0.2255
0.2946	0.2946
0.1358	0.1358
0.55	0.55
0.5	0.5
0.2265	0.2265
0.551	0.551
0.64	0.5909
0.2199	0.2199
0.875	0.875
0.25	0.25
0.375	0.375
0.6571	0.6571
0.7143	0.7143
0.1978	0.1978
0.2182	0.2182
0.7167	0.7167
0.6923	0.6923
0.203	0.203
0.2857	0.2857
0.4359	0.4359
0.4848	0.4848
0.32	0.32
0.4231	0.4231
0.0825	0.0825
0.5789	0.5789
0.0781	0.0781
0.4375	0.4375
0.2857	0.2857
0.0833	0.0833
0.75	0.75
0.0924	0.0924
0.5106	0.5106
0.3415	0.3415
0.2667	0.2667
0.4795	0.4722
0.5682	0.5682
0.0	0.0
0.3254	0.3254
0.3046	0.3046
0.4556	0.4556
0.1452	0.1452
0.2222	0.2222
0.2345	0.2292
0.6441	0.6441
0.24	0.24
0.424	0.424
0.2979	0.2979
0.5534	0.5534
0.7292	0.7292
0.1845	0.1765
0.2857	0.2857
0.1472	0.1472
0.55	0.55
0.5	0.5
0.2308	0.2308
0.5918	0.5918
0.64	0.5909
0.2199	0.2199
0.875	0.875
0.3056	0.3056
0.375	0.375
0.6571	0.6571
0.7143	0.7143
0.3956	0.3956
0.2273	0.2273
0.7167	0.7167
0.6923	0.6923
0.2066	0.2066
0.2143	0.2143
0.4359	0.4359
0.4545	0.4545
0.336	0.336
0.4487	0.4487
0.0722	0.0722
0.5789	0.5789
0.0781	0.0781
0.4375	0.4375
0.2857	0.2857
0.0833	0.0833
0.75	0.75
0.1008	0.1008
0.5106	0.5106
0.3415	0.3415
0.2667	0.2667
0.4795	0.4722
0.5682	0.5682
0.0	0.0
0.2813	0.2698
0.3113	0.3113
0.4556	0.4556
0.1452	0.1452
0.2222	0.2222
0.2361	0.2361
0.6271	0.6271
0.28	0.28
0.424	0.424
0.2766	0.2766
0.5437	0.5437
0.587	0.587
0.0296	0.0296
0.4234	0.4019
0.1357	0.1323
0.35	0.35
0.3125	0.3125
0.2237	0.2237
0.6667	0.6667
0.16	0.16
0.0956	0.0956
0.75	0.75
0.3333	0.3333
0.1875	0.1875
0.9429	0.9429
1.0	1.0
0.4889	0.4889
0.1852	0.1852
0.7333	0.7333
1.0	1.0
0.1978	0.1948
0.1429	0.1429
0.0769	0.0769
0.5152	0.5152
0.2581	0.2581
0.3462	0.3462
0.1158	0.1158
0.4474	0.4474
0.2031	0.1905
0.25	0.25
0.7143	0.7143
0.0476	0.0476
0.8	0.8
0.0855	0.0855
0.4043	0.4043
0.2073	0.2073
0.1538	0.1538
0.3836	0.3836
0.5227	0.5227
0.0265	0.0265
0.1811	0.1811
0.1258	0.1258
0.3778	0.3636
0.2097	0.2097
0.2222	0.2222
0.0694	0.0694
0.3898	0.3898
0.08	0.08
0.3952	0.3952
0.3626	0.3626
0.2718	0.2718
0.9375	0.9348
0.267	0.2562
0.3486	0.3364
0.1736	0.1479
0.425	0.425
0.25	0.25
0.2906	0.2719
0.6939	0.6875
0.28	0.28
0.3617	0.3382
0.875	0.875
0.7222	0.7222
0.25	0.25
0.8857	0.8857
1.0	1.0
0.5934	0.5889
0.3455	0.3333
0.65	0.65
1.0	1.0
0.2214	0.2097
0.2857	0.2857
0.5641	0.5641
0.5152	0.5152
0.216	0.2097
0.5769	0.5769
0.433	0.4211
0.3947	0.3947
0.1587	0.1587
0.4375	0.4375
1.0	1.0
0.3333	0.2381
0.9	0.9
0.2101	0.1966
0.3617	0.3617
0.2317	0.2317
0.4667	0.3846
0.3836	0.3836
0.6136	0.6136
0.1951	0.1239
0.1797	0.1732
0.2583	0.2583
0.5114	0.5114
0.2903	0.2903
0.4444	0.4444
0.1655	0.1597
0.5763	0.5763
0.72	0.72
0.464	0.4597
0.5106	0.4945
0.2524	0.2524
0.5	0.5
0.068	0.068
0.2857	0.2857
0.0981	0.0981
0.45	0.45
0.4375	0.4375
0.2179	0.2179
0.5918	0.5918
0.36	0.3333
0.1986	0.1986
0.625	0.625
0.1667	0.1667
0.6875	0.6667
0.6286	0.6286
0.5714	0.5714
0.3626	0.3626
0.2	0.2
0.6333	0.6333
0.6154	0.6154
0.2325	0.2296
0.2143	0.2143
0.3846	0.3846
0.5152	0.5152
0.312	0.312
0.3974	0.3974
0.0722	0.0722
0.4737	0.4737
0.0469	0.0469
0.3125	0.3125
0.2857	0.2857
0.2083	0.1739
0.8	0.8
0.084	0.0684
0.383	0.383
0.2073	0.2073
0.2	0.2
0.4247	0.4167
0.4091	0.4091
0.0	0.0
0.1719	0.1654
0.1589	0.1589
0.4111	0.4111
0.1452	0.1452
0.2222	0.2222
0.1655	0.1655
0.5085	0.5085
0.76	0.76
0.456	0.456
0.2447	0.2447
0.3398	0.3398
0.625	0.625
0.1893	0.1893
0.2857	0.2857
0.2151	0.2151
0.475	0.475
0.5	0.5
0.3077	0.3077
0.5918	0.5918
0.2917	0.2917
0.2624	0.2624
0.75	0.75
0.3333	0.3333
0.4	0.4
0.7714	0.7714
0.8857	0.8857
0.4286	0.4286
0.2273	0.2273
0.6667	0.6667
1.0	1.0
0.2111	0.2111
0.2143	0.2143
0.5385	0.5385
0.5758	0.5758
0.408	0.408
0.3718	0.3718
0.3711	0.3711
0.5263	0.5263
0.0781	0.0781
0.4375	0.4375
0.7143	0.7143
0.1739	0.1739
0.8	0.8
0.0684	0.0684
0.383	0.383
0.3293	0.3293
0.3333	0.3333
0.25	0.25
0.6136	0.6136
0.0081	0.0081
0.2677	0.2677
0.4305	0.4305
0.2889	0.2889
0.2097	0.2097
0.3333	0.3333
0.2345	0.2345
0.4915	0.4915
0.08	0.08
0.248	0.248
0.1702	0.1702
0.4272	0.4272
0.7292	0.7292
0.2476	0.2476
0.4643	0.4643
0.0528	0.0528
0.425	0.425
0.4375	0.4375
0.2821	0.2727
0.5714	0.5714
0.2	0.2
0.4113	0.4029
1.0	1.0
0.4722	0.4722
0.0	0.0
0.7429	0.7429
0.7714	0.7714
0.3956	0.3956
0.1091	0.1091
0.8	0.8
0.7692	0.7692
0.0	0.0
0.0	0.0
0.0256	0.0256
0.5758	0.5484
0.368	0.368
0.2564	0.2564
0.3299	0.3299
0.6579	0.6579
0.0	0.0
0.25	0.25
0.7143	0.7143
0.1667	0.1667
0.8	0.8
0.0504	0.0504
0.5106	0.5106
0.5244	0.5063
0.3333	0.3333
0.0959	0.0959
0.2045	0.2045
0.0081	0.0081
0.3594	0.3594
0.1722	0.1722
0.5556	0.5556
0.1935	0.1935
0.0	0.0
0.1319	0.1319
0.5424	0.5424
0.04	0.04
0.0	0.0
0.3404	0.3404
0.5049	0.5049
0.6667	0.6667
0.3204	0.3204
0.5268	0.5268
0.1547	0.1547
0.525	0.525
0.4375	0.4375
0.2857	0.2857
0.6122	0.6122
0.24	0.24
0.2374	0.2374
1.0	1.0
0.4722	0.4722
0.375	0.375
0.7714	0.7714
0.9429	0.9429
0.4176	0.4176
0.3091	0.3091
0.8	0.8
0.8462	0.8462
0.1292	0.1292
0.1429	0.1429
0.2308	0.2308
0.5806	0.5806
0.384	0.384
0.6154	0.6154
0.1959	0.1959
0.6053	0.6053
0.0938	0.0938
0.1875	0.1875
0.4286	0.4286
0.125	0.125
0.8	0.8
0.0672	0.0672
0.5532	0.5532
0.2152	0.2152
0.2667	0.2667
0.3973	0.3973
0.5682	0.5682
0.0163	0.0163
0.3203	0.3203
0.2517	0.2517
0.5333	0.5333
0.2419	0.2419
0.2222	0.2222
0.2828	0.2778
0.5593	0.5593
0.28	0.28
0.44	0.44
0.4149	0.4149
0.4466	0.4466
0.4375	0.4375
0.0485	0.0485
0.2054	0.2054
0.117	0.117
0.45	0.45
0.25	0.25
0.235	0.235
0.0	0.0
0.4	0.4
0.2766	0.2766
0.625	0.625
0.1667	0.1667
0.375	0.375
0.6	0.6
0.6	0.6
0.2637	0.2637
0.2273	0.2273
0.5	0.5
0.5385	0.5385
0.107	0.1004
0.0714	0.0714
0.4103	0.4103
0.1818	0.1818
0.336	0.336
0.3846	0.3846
0.0515	0.0515
0.4211	0.4211
0.0781	0.0781
0.25	0.25
0.1429	0.1429
0.1667	0.1667
0.65	0.65
0.1176	0.1176
0.587	0.5682
0.4634	0.4568
0.0	0.0
0.2192	0.2192
0.4545	0.4545
0.0163	0.0163
0.1719	0.1719
0.2185	0.2185
0.1889	0.1889
0.0323	0.0323
0.2222	0.2222
0.1931	0.1931
0.2712	0.2712
0.24	0.24
0.392	0.3871
0.2447	0.2447
0.4272	0.4216
0.4583	0.4583
0.0534	0.0534
0.2589	0.2589
0.1245	0.1245
0.45	0.45
0.3125	0.3125
0.2479	0.2479
0.0	0.0
0.32	0.32
0.2979	0.2979
0.75	0.75
0.25	0.25
0.375	0.375
0.6286	0.6286
0.6	0.6
0.2857	0.2857
0.2364	0.2364
0.5167	0.5167
0.5385	0.5385
0.1107	0.1041
0.0714	0.0714
0.4359	0.4359
0.1818	0.1818
0.344	0.344
0.3846	0.3846
0.0515	0.0515
0.4737	0.4737
0.0781	0.0781
0.25	0.25
0.1429	0.1429
0.125	0.125
0.65	0.65
0.1092	0.1092
0.5957	0.5682
0.4512	0.4444
0.0	0.0
0.2466	0.2466
0.4091	0.4091
0.0163	0.0163
0.1953	0.1953
0.2252	0.2252
0.2222	0.2222
0.0161	0.0161
0.2222	0.2222
0.2069	0.2069
0.2373	0.2373
0.24	0.24
0.3952	0.3952
0.2447	0.2447
0.466	0.4608
0.7708	0.7708
0.2621	0.2621
0.5536	0.5495
0.1434	0.1336
0.625	0.625
0.4375	0.4375
0.2991	0.2961
0.4082	0.4082
0.36	0.3333
0.2979	0.2979
0.875	0.875
0.4167	0.4167
0.375	0.375
0.8571	0.8571
0.9714	0.9714
0.2637	0.2637
0.2455	0.2315
0.9	0.9
0.9231	0.9231
0.1667	0.1667
0.2857	0.2857
0.1538	0.1538
0.5152	0.5152
0.392	0.392
0.5128	0.5128
0.1443	0.1443
0.7632	0.7632
0.0156	0.0156
0.0625	0.0625
0.8571	0.8571
0.125	0.125
0.8	0.8
0.1513	0.1513
0.5106	0.5106
0.1707	0.1707
0.4	0.4
0.4384	0.3881
0.3864	0.3864
0.0	0.0
0.2813	0.2813
0.3113	0.3113
0.5111	0.5111
0.4677	0.4677
0.3333	0.3333
0.2207	0.2153
0.5254	0.5254
0.52	0.52
0.392	0.392
0.4894	0.4839
0.5437	0.5437
0.5625	0.5625
0.1117	0.1117
0.4144	0.4144
0.2167	0.2137
0.475	0.475
0.375	0.375
0.2275	0.2275
0.449	0.449
0.4167	0.4167
0.3333	0.3333
0.875	0.875
0.3333	0.3333
0.625	0.625
0.8571	0.8571
1.0	1.0
0.5165	0.5165
0.3611	0.3611
0.7	0.7
0.7692	0.7692
0.2177	0.2148
0.1429	0.1429
0.3077	0.3077
0.5152	0.5152
0.408	0.408
0.4615	0.4615
0.0515	0.0515
0.7632	0.7632
0.1094	0.1094
0.6875	0.6875
0.7143	0.7143
0.1667	0.1667
0.85	0.85
0.1176	0.1176
0.4255	0.4255
0.2439	0.2439
0.4	0.4
0.4478	0.4478
0.5909	0.5909
0.0081	0.0081
0.1484	0.1484
0.2185	0.2185
0.4667	0.4667
0.1774	0.1774
0.3333	0.3333
0.2708	0.2708
0.4068	0.4068
0.36	0.36
0.464	0.464
0.3548	0.3548
0.3883	0.3883
0.5208	0.5208
0.0728	0.0728
0.4464	0.4464
0.1472	0.1472
0.225	0.225
0.3125	0.3125
0.2692	0.2692
0.2653	0.2653
0.24	0.24
0.4681	0.4681
0.875	0.875
0.2778	0.2778
0.1875	0.1875
0.9429	0.9429
0.9714	0.9714
0.4505	0.4505
0.2273	0.2202
0.45	0.45
0.6923	0.6923
0.0664	0.0664
0.1429	0.1429
0.4615	0.4615
0.5455	0.5455
0.208	0.208
0.3462	0.3462
0.2062	0.2062
0.5263	0.5263
0.0156	0.0156
0.3125	0.3125
0.5714	0.5714
0.0833	0.0833
0.75	0.75
0.0756	0.0756
0.4255	0.4255
0.3415	0.3415
0.2	0.2
0.1507	0.1507
0.6136	0.6136
0.0407	0.0407
0.1953	0.1953
0.3046	0.3046
0.3444	0.3295
0.2097	0.2097
0.2222	0.2222
0.1241	0.1241
0.4068	0.4068
0.16	0.16
0.176	0.176
0.2872	0.2872
0.3495	0.3495
0.5	0.5
0.0388	0.0388
0.1875	0.1875
0.1623	0.1395
0.325	0.325
0.3125	0.3125
0.2094	0.2026
0.5714	0.5714
0.24	0.24
0.2695	0.2695
0.875	0.875
0.3333	0.3333
0.1875	0.1875
0.9429	0.9429
1.0	1.0
0.4176	0.4176
0.1545	0.1545
0.6167	0.6167
0.8462	0.8462
0.1033	0.1033
0.2857	0.2857
0.3333	0.3333
0.3333	0.3333
0.24	0.2339
0.5	0.5
0.433	0.433
0.3421	0.3421
0.2813	0.2698
0.1875	0.1875
0.1429	0.1429
0.0417	0.0417
0.65	0.65
0.0756	0.0678
0.4043	0.4043
0.2073	0.2073
0.0667	0.0667
0.3836	0.3662
0.3182	0.3182
0.0081	0.0
0.1641	0.1641
0.2185	0.2185
0.2444	0.2444
0.2097	0.2097
0.3333	0.3333
0.131	0.1064
0.4576	0.4576
0.0	0.0
0.44	0.44
0.234	0.234
0.301	0.2941
0.7708	0.7708
0.0	0.0
0.2321	0.2321
0.0755	0.0755
0.225	0.2051
0.25	0.25
0.1026	0.0987
0.4694	0.4694
0.16	0.16
0.2837	0.2837
0.75	0.75
0.4444	0.4444
0.1875	0.1875
0.6	0.6
0.2286	0.2286
0.2857	0.2778
0.2273	0.2273
0.5833	0.5833
0.2308	0.2308
0.0554	0.0554
0.0714	0.0714
0.359	0.359
0.1818	0.1818
0.288	0.2583
0.5128	0.5065
0.0309	0.0309
0.4474	0.4474
0.2188	0.1379
0.375	0.375
0.7143	0.7143
0.0417	0.0417
0.6	0.6
0.1008	0.1008
0.4681	0.4565
0.3293	0.3293
0.0667	0.0667
0.1644	0.1644
0.5455	0.5455
0.0081	0.0081
0.2109	0.2109
0.2384	0.1786
0.1556	0.1556
0.129	0.129
0.2222	0.2222
0.2069	0.2014
0.3559	0.3091
0.24	0.24
0.344	0.344
0.117	0.117
0.3786	0.3725
0.6458	0.6458
0.2647	0.2647
0.5135	0.5135
0.2235	0.2205
0.35	0.35
0.625	0.625
0.2759	0.2759
0.6122	0.6122
0.24	0.24
0.1986	0.1986
0.875	0.875
0.5556	0.5556
0.3125	0.3125
0.8286	0.8286
1.0	1.0
0.5824	0.5778
0.3273	0.3273
0.7	0.7
0.8462	0.8462
0.1846	0.1719
0.4545	0.4545
0.5128	0.5128
0.5152	0.5152
0.296	0.296
0.4103	0.4103
0.1053	0.1053
0.6842	0.6842
0.127	0.127
0.75	0.7333
0.8571	0.8571
0.1739	0.1739
0.85	0.85
0.0583	0.0583
0.3617	0.3617
0.378	0.378
0.2857	0.2857
0.1233	0.1233
0.6136	0.6136
0.025	0.025
0.2188	0.2188
0.0355	0.0355
0.4889	0.4889
0.2742	0.2742
0.2222	0.2222
0.2138	0.2138
0.4407	0.4407
0.08	0.08
0.2348	0.2348
0.2021	0.2021
0.5196	0.5196
0.4375	0.4375
0.0583	0.049
0.4554	0.4505
0.2614	0.2586
0.275	0.275
0.25	0.25
0.0726	0.0647
0.5306	0.5306
0.32	0.32
0.0993	0.0993
0.875	0.875
0.6111	0.6111
0.375	0.375
0.7714	0.7714
0.7143	0.7143
0.6	0.6
0.3364	0.3364
0.6833	0.6833
0.6154	0.6154
0.1873	0.1523
0.4286	0.2727
0.3333	0.3333
0.5152	0.5152
0.432	0.432
0.5128	0.5128
0.3814	0.3684
0.5789	0.5789
0.0938	0.0794
0.3333	0.3333
0.8571	0.8571
0.2917	0.2609
0.85	0.85
0.4118	0.3204
0.3404	0.3404
0.5	0.5
0.4667	0.4286
0.3836	0.3836
0.5	0.5
0.0813	0.0583
0.0938	0.0938
0.2914	0.2411
0.5556	0.5556
0.3065	0.3065
0.3333	0.3333
0.2621	0.2621
0.3559	0.3559
0.4	0.4
0.504	0.4609
0.3085	0.3085
0.5825	0.5784
