0.2917	0.2907913043478261
0.0437	0.044206521739130436
0.25	0.24968695652173914
0.0906	0.09384130434782609
0.125	0.12519565217391304
0.375	0.3744565217391304
0.1154	0.11630869565217392
0.1837	0.18390217391304348
0.08	0.07956521739130434
0.234	0.23428260869565218
0.75	0.7472826086956522
0.1944	0.19497391304347825
0.1875	0.1891304347826087
0.7143	0.7143
0.5714	0.5714
0.2967	0.2966739130434783
0.1636	0.16421739130434782
0.45	0.4495304347826087
0.6154	0.6154
0.1181	0.11584130434782608
0.0714	0.07067173913043479
0.1538	0.15349347826086956
0.3939	0.39360434782608694
0.1667	0.16748695652173912
0.2025	0.2028
0.0103	0.009913043478260868
0.1579	0.15662826086956522
0.0339	0.03288043478260869
0.3125	0.31150434782608694
0.4286	0.4286
0.125	0.12896739130434784
0.5	0.49925652173913043
0.025	0.02538913043478261
0.2979	0.29795434782608693
0.0854	0.08544347826086957
0.0	0.001815217391304347
0.1507	0.15130652173913042
0.1818	0.18129347826086956
0.0	0.004139130434782608
0.0859	0.08630434782608695
0.0743	0.07462826086956523
0.2444	0.24409347826086958
0.1613	0.16109782608695652
0.3333	0.3336021739130435
0.0966	0.09797391304347827
0.322	0.3234065217391304
0.0	0.0
0.0476	0.04803695652173914
0.0426	0.04252826086956522
0.3137	0.31337173913043476
0.3958	0.39489130434782604
0.0534	0.053906521739130436
0.1964	0.19608695652173913
0.0642	0.06707826086956523
0.1	0.10019565217391305
0.1875	0.18695652173913044
0.1239	0.12051521739130434
0.2449	0.24510217391304348
0.12	0.11956521739130434
0.0922	0.09245652173913044
0.875	0.8722826086956522
0.2778	0.27837391304347825
0.125	0.1266304347826087
0.6	0.6
0.5714	0.5714
0.2747	0.27467391304347827
0.0909	0.09151739130434781
0.2667	0.26623043478260866
0.6154	0.6154
0.0221	0.019528260869565217
0.0	-7.282608695652175E-4
0.2821	0.2817934782608696
0.3333	0.33300434782608695
0.0873	0.08880434782608695
0.2152	0.2155
0.1959	0.19537608695652173
0.3947	0.3934282608695652
0.0	-0.0010782608695652169
0.125	0.12400434782608696
0.5714	0.5714
0.125	0.12896739130434784
0.75	0.7492565217391305
0.025	0.025195652173913046
0.2553	0.25535434782608696
0.2439	0.23442826086956522
0.2	0.20181521739130437
0.0548	0.05540652173913044
0.0455	0.044993478260869565
0.0244	0.02035
0.125	0.12540434782608695
0.1216	0.12274347826086957
0.3333	0.33299347826086956
0.0968	0.09659782608695652
0.1111	0.11140217391304348
0.1034	0.10477391304347827
0.339	0.34040652173913044
0.04	0.04
0.0159	0.01633695652173913
0.1809	0.18082826086956522
0.2451	0.2448413043478261
0.5208	0.5198711111111112
0.1117	0.11231555555555554
0.2054	0.20508
0.1321	0.13450444444444443
0.325	0.3252
0.25	0.24944444444444444
0.1667	0.1671111111111111
0.449	0.4492066666666667
0.24	0.23955555555555555
0.1702	0.17048888888888888
0.875	0.8722222222222222
0.25	0.2505866666666667
0.25	0.25166666666666665
0.6286	0.6286
0.9714	0.9714
0.2967	0.29667333333333334
0.1364	0.1370311111111111
0.5667	0.56622
0.7692	0.7692
0.1444	0.14559777777777777
0.2143	0.21355555555555555
0.4359	0.4355866666666667
0.5455	0.5451977777777778
0.2778	0.27860444444444443
0.2532	0.25350666666666666
0.2577	0.25730444444444445
0.4474	0.4461
0.0169	0.015797777777777775
0.3125	0.3114822222222222
0.5714	0.5714
0.125	0.12905555555555556
0.75	0.74924
0.05	0.05020888888888889
0.2128	0.21285555555555555
0.2073	0.20734444444444447
0.1333	0.13515555555555556
0.2466	0.2505088888888889
0.4318	0.43128222222222223
0.0	0.00423111111111111
0.1875	0.18791333333333332
0.2857	0.28607333333333335
0.2	0.19968666666666668
0.1935	0.19329333333333334
0.3333	0.3336088888888889
0.1241	0.12563555555555556
0.5085	0.5102066666666666
0.04	0.04
0.2698	0.27024666666666664
0.2021	0.20202666666666666
0.3039	0.30363555555555555
0.5208	0.5198711111111112
0.1117	0.11231555555555554
0.25	0.24968
0.1321	0.13450444444444443
0.275	0.2752
0.25	0.24944444444444444
0.1709	0.1713111111111111
0.4286	0.42880666666666667
0.24	0.23955555555555555
0.1986	0.1988888888888889
0.875	0.8722222222222222
0.2778	0.27838666666666667
0.3125	0.31416666666666665
0.6286	0.6286
0.9714	0.9714
0.2967	0.29667333333333334
0.1364	0.1370311111111111
0.5667	0.56622
0.7692	0.7692
0.1255	0.12709777777777778
0.1429	0.14215555555555556
0.4872	0.4868866666666667
0.5455	0.5451977777777778
0.254	0.25480444444444444
0.2532	0.25350666666666666
0.2577	0.25730444444444445
0.4474	0.4461
0.0678	0.06669777777777777
0.625	0.6239822222222222
0.5714	0.5714
0.125	0.12905555555555556
0.8	0.7992400000000001
0.05	0.05020888888888889
0.2128	0.21285555555555555
0.3049	0.30494444444444446
0.1333	0.13515555555555556
0.2466	0.2505088888888889
0.3182	0.3176822222222222
0.0244	0.02863111111111111
0.1875	0.18791333333333332
0.2703	0.27247333333333335
0.2	0.19968666666666668
0.1935	0.19329333333333334
0.3333	0.3336088888888889
0.1172	0.11873555555555555
0.5085	0.5102066666666666
0.04	0.04
0.254	0.25444666666666665
0.2021	0.20202666666666666
0.3039	0.30363555555555555
0.6042	0.6032711111111111
0.1707	0.12613555555555556
0.3063	0.30791555555555555
0.145	0.11091555555555556
0.575	0.5644911111111112
0.625	0.6914444444444444
0.1752	0.17538
0.6327	0.6458288888888889
0.08	0.07955555555555556
0.3121	0.3068577777777778
0.875	0.8722222222222222
0.5278	0.5152377777777778
0.375	0.33413777777777776
0.6857	0.6667
0.7143	0.7143
0.3956	0.39357333333333333
0.2844	0.29034000000000004
0.661	0.6721444444444444
0.6154	0.6154
0.0996	0.08741333333333333
0.2143	0.22977555555555557
0.5641	0.5671688888888888
0.303	0.3026977777777778
0.2381	0.21897333333333333
0.4051	0.4050777777777778
0.2577	0.25520888888888893
0.3947	0.39339999999999997
0.0508	0.05166
0.5	0.4989822222222222
0.5714	0.5714
0.1905	0.20500000000000002
0.65	0.6842
0.3613	0.3938644444444444
0.2553	0.25535555555555556
0.1341	0.13395555555555555
0.2	0.1445488888888889
0.1233	0.12392
0.4318	0.43152666666666667
0.0923	0.07072888888888888
0.1875	0.19246222222222223
0.1351	0.12972444444444445
0.2333	0.23838222222222222
0.6102	0.5682044444444444
0.375	0.3738088888888889
0.1667	0.15161777777777777
0.4915	0.47522000000000003
0.24	0.2404822222222222
0.1933	0.19761777777777778
0.2967	0.2953311111111111
0.3039	0.3065333333333333
0.625	0.6240711111111111
0.1854	0.15223555555555554
0.3214	0.3173155555555556
0.1412	0.11491555555555556
0.6	0.5900911111111111
0.625	0.6914444444444444
0.0929	0.09468
0.7347	0.7500288888888889
0.12	0.11955555555555555
0.3143	0.3068577777777778
0.875	0.8722222222222222
0.6111	0.6009377777777778
0.375	0.33413777777777776
0.8571	0.8485
0.7429	0.7429
0.4176	0.41597333333333336
0.3364	0.34644
0.6333	0.6549444444444444
0.6923	0.6923
0.0996	0.08741333333333333
0.2857	0.30667555555555553
0.5897	0.6211688888888889
0.3333	0.3329977777777778
0.2083	0.20217333333333332
0.3544	0.3543777777777778
0.3333	0.3403088888888889
0.3684	0.3671
0.0175	0.016560000000000002
0.4375	0.4364822222222222
0.7143	0.7143
0.2917	0.255
0.7895	0.7895
0.4037	0.4133644444444444
0.1915	0.19155555555555556
0.2561	0.25595555555555555
0.3333	0.2873488888888889
0.2192	0.21982000000000002
0.3636	0.36332666666666663
0.3252	0.2040288888888889
0.2031	0.20046222222222224
0.1622	0.15692444444444445
0.2727	0.27248222222222224
0.5484	0.5486044444444445
0.5556	0.4988088888888889
0.2014	0.18731777777777778
0.5254	0.51032
0.72	0.7204822222222222
0.2903	0.30871777777777776
0.3222	0.3081311111111111
0.3267	0.3263333333333333
0.4792	0.47827111111111115
0.0976	0.09853555555555556
0.1964	0.19608
0.0868	0.0892088888888889
0.225	0.2252
0.25	0.24944444444444444
0.1239	0.12431111111111111
0.3469	0.3471066666666667
0.16	0.15955555555555556
0.1429	0.14335777777777778
0.75	0.7472222222222222
0.1944	0.19498666666666667
0.25	0.25166666666666665
0.6571	0.6571
0.7429	0.7429
0.2857	0.28567333333333333
0.1727	0.1733311111111111
0.5	0.49952
0.6154	0.6154
0.0812	0.08235555555555554
0.2143	0.21355555555555555
0.359	0.35868666666666665
0.4848	0.4844977777777778
0.2619	0.26270444444444446
0.2727	0.2732266666666667
0.0412	0.04080444444444444
0.4474	0.4461
0.0508	0.049757777777777776
0.3125	0.3114822222222222
0.5714	0.5714
0.0833	0.08735555555555555
0.65	0.64924
0.0583	0.059
0.1277	0.12775555555555557
0.2073	0.20734444444444447
0.1333	0.13515555555555556
0.2055	0.20612
0.4545	0.45398222222222223
0.0081	0.012331111111111109
0.1094	0.10981333333333333
0.1824	0.18414
0.3	0.29968666666666666
0.0968	0.09659333333333334
0.2222	0.2225088888888889
0.1379	0.13930444444444445
0.339	0.3404377777777778
0.36	0.36
0.2857	0.2862
0.1915	0.19142666666666666
0.2843	0.28682222222222226
0.5	0.49907111111111113
0.1415	0.14273555555555556
0.2143	0.21398
0.0717	0.07410888888888889
0.275	0.2752
0.0	-5.555555555555561E-4
0.1282	0.12861111111111112
0.3265	0.3267066666666667
0.24	0.23955555555555555
0.0922	0.09335777777777778
0.875	0.8722222222222222
0.3056	0.30618666666666666
0.3125	0.31416666666666665
0.6	0.6
0.7714	0.7714
0.022	0.02197333333333333
0.1727	0.1733311111111111
0.5167	0.51622
0.6154	0.6154
0.0923	0.09345555555555554
0.2143	0.21355555555555555
0.4103	0.40998666666666667
0.4242	0.4238977777777778
0.0	8.044444444444456E-4
0.3924	0.4031266666666667
0.0825	0.08210444444444445
0.3947	0.39339999999999997
0.0339	0.03285777777777778
0.3125	0.3114822222222222
0.5714	0.5714
0.0833	0.08735555555555555
0.6	0.59924
0.0672	0.06739999999999999
0.1702	0.17025555555555555
0.1951	0.19514444444444445
0.0	0.0018555555555555547
0.2329	0.23352
0.3864	0.38588222222222224
0.0081	0.012331111111111109
0.0469	0.047313333333333325
0.2095	0.21134
0.3333	0.33298666666666665
0.129	0.12879333333333334
0.2222	0.2225088888888889
0.1241	0.12550444444444445
0.339	0.3404377777777778
0.16	0.16
0.3016	0.3021
0.234	0.23392666666666667
0.3137	0.31652222222222226
0.5417	0.5407913043478261
0.1068	0.10894347826086956
0.2679	0.26758695652173914
0.1208	0.12409347826086957
0.325	0.32519565217391305
0.3125	0.3119565217391304
0.141	0.14139347826086957
0.3265	0.3267021739130435
0.16	0.15956521739130436
0.1773	0.17758260869565218
0.875	0.8722826086956522
0.3611	0.36167391304347823
0.3125	0.3141304347826087
0.6857	0.6857
1.0	1.0
0.3077	0.30767391304347824
0.2182	0.21894565217391304
0.6167	0.6162304347826087
0.6923	0.6923
0.0849	0.0860304347826087
0.0714	0.07067173913043479
0.0769	0.07659347826086955
0.3333	0.33300434782608695
0.1587	0.15948695652173914
0.3797	0.38
0.0309	0.03051304347826087
0.5	0.49872826086956523
0.0169	0.015880434782608695
0.625	0.6240043478260869
0.4286	0.4286
0.0833	0.08726739130434782
0.8	0.7992565217391305
0.0583	0.058504347826086954
0.2553	0.25535434782608696
0.2317	0.23171521739130435
0.2	0.20181521739130437
0.274	0.27460652173913047
0.2273	0.22679347826086957
0.0163	0.020439130434782606
0.2422	0.24260434782608695
0.1081	0.10842826086956522
0.2889	0.2986021739130435
0.1452	0.14499782608695652
0.2222	0.2225021739130435
0.131	0.13329565217391304
0.4576	0.4590065217391304
0.36	0.36
0.2619	0.26233695652173916
0.2553	0.25522826086956524
0.2941	0.29384130434782607
0.7021	0.7015377777777777
0.165	0.16805333333333333
0.2054	0.20508
0.1245	0.1251488888888889
0.4	0.4002
0.25	0.24944444444444444
0.1373	0.13770444444444443
0.3469	0.3471066666666667
0.0	-4.4444444444444425E-4
0.1206	0.12088888888888889
0.875	0.8722222222222222
0.3333	0.33388666666666666
0.25	0.25166666666666665
0.6286	0.6286
0.9429	0.9429
0.2667	0.2667377777777778
0.1273	0.1279311111111111
0.5667	0.56622
0.6923	0.6923
0.0332	0.03534444444444444
0.2308	0.23048888888888888
0.4615	0.4611866666666667
0.6061	0.6453222222222222
0.208	0.21437555555555557
0.2785	0.2788066666666667
0.1443	0.14390444444444445
0.3947	0.39339999999999997
0.0508	0.04969777777777778
0.625	0.6239822222222222
0.8571	0.8571
0.0833	0.08735555555555555
0.85	0.84924
0.0583	0.05850888888888889
0.2553	0.25535555555555556
0.378	0.3778377777777778
0.2	0.20185555555555557
0.1781	0.17872000000000002
0.4545	0.45398222222222223
0.0163	0.020531111111111108
0.1563	0.15671333333333332
0.2973	0.3058933333333333
0.3	0.29968666666666666
0.2097	0.20949333333333334
0.3333	0.3336088888888889
0.1111	0.11319777777777777
0.4576	0.45903777777777777
0.44	0.44
0.1349	0.13528888888888888
0.2447	0.24462666666666666
0.2941	0.29369111111111107
0.75	0.7654377777777778
0.1667	0.16315333333333332
0.2054	0.20508
0.1183	0.1213488888888889
0.35	0.35019999999999996
0.25	0.24944444444444444
0.1624	0.16350444444444442
0.3469	0.3471066666666667
0.0	-4.4444444444444425E-4
0.2128	0.21308888888888888
0.875	0.8722222222222222
0.3333	0.33388666666666666
0.25	0.25166666666666665
0.6	0.6
0.9714	0.9714
0.2747	0.2778377777777778
0.1455	0.1461311111111111
0.6	0.5995199999999999
0.6923	0.6923
0.0743	0.07704444444444446
0.3571	0.3842888888888889
0.2308	0.23048666666666667
0.5806	0.5807222222222223
0.24	0.24717555555555557
0.2911	0.2914066666666667
0.1237	0.12330444444444445
0.4211	0.41979999999999995
0.0169	0.015797777777777775
0.6875	0.6864822222222222
0.8571	0.8571
0.125	0.12905555555555556
0.8	0.7992400000000001
0.0583	0.05850888888888889
0.2553	0.25535555555555556
0.3171	0.31693777777777776
0.2	0.20185555555555557
0.274	0.27462000000000003
0.3864	0.38588222222222224
0.0163	0.020531111111111108
0.1719	0.17231333333333332
0.3014	0.3058933333333333
0.3	0.29968666666666666
0.2097	0.20949333333333334
0.3333	0.3336088888888889
0.1586	0.15509777777777778
0.4746	0.4760377777777778
0.44	0.44
0.2143	0.21468888888888887
0.2447	0.24462666666666666
0.2745	0.2740911111111111
0.5833	0.5823711111111112
0.1512	0.1517022222222222
0.2613	0.2609333333333333
0.0875	0.08394
0.25	0.2502
0.25	0.24898222222222222
0.1545	0.1549222222222222
0.4286	0.42880666666666667
0.32	0.31955555555555554
0.2908	0.29738
0.875	0.8722222222222222
0.3333	0.33388666666666666
0.125	0.12666666666666668
0.6	0.6
0.8	0.8
0.2857	0.28567333333333333
0.2037	0.20458444444444443
0.5667	0.56622
0.7692	0.7692
0.0781	0.07975555555555557
0.2143	0.23020222222222222
0.3333	0.33298666666666665
0.4848	0.4844977777777778
0.2381	0.23886444444444446
0.2152	0.21550666666666668
0.3125	0.31548888888888893
0.3684	0.3671
0.1034	0.10212222222222223
0.0625	0.06148222222222222
0.7143	0.7143
0.0833	0.08735555555555555
0.55	0.5492400000000001
0.05	0.05020888888888889
0.2553	0.2557466666666667
0.358	0.3583911111111111
0.1333	0.13515555555555556
0.137	0.13762000000000002
0.5455	0.5449822222222223
0.0163	0.020531111111111108
0.2188	0.21921333333333332
0.2635	0.2639711111111111
0.3295	0.3290088888888889
0.2419	0.24169333333333334
0.5556	0.5
0.0759	0.07730444444444444
0.5254	0.5268377777777777
0.12	0.12
0.1825	0.18294666666666667
0.2021	0.20202666666666666
0.3039	0.30343333333333333
0.5833	0.5823711111111112
0.1214	0.12250222222222222
0.2232	0.22483333333333336
0.0868	0.08394
0.275	0.2752
0.1875	0.18648222222222222
0.1624	0.1635222222222222
0.3469	0.3471066666666667
0.28	0.27955555555555556
0.2837	0.29018
0.875	0.8722222222222222
0.25	0.2505866666666667
0.25	0.25166666666666665
0.5714	0.5714
0.9714	0.9714
0.2527	0.2526733333333333
0.2636	0.2693844444444445
0.55	0.54952
0.7692	0.7692
0.1004	0.09465555555555556
0.3077	0.3071022222222222
0.4103	0.40998666666666667
0.4242	0.4238977777777778
0.2222	0.22296444444444447
0.2152	0.21550666666666668
0.2604	0.2628888888888889
0.3421	0.3408
0.1695	0.17112222222222223
0.0	-0.0010177777777777767
0.7143	0.7143
0.125	0.12905555555555556
0.55	0.5492400000000001
0.05	0.05020888888888889
0.234	0.2344466666666667
0.3659	0.3707911111111111
0.2	0.20185555555555557
0.1096	0.11022
0.5682	0.5676822222222223
0.0163	0.020531111111111108
0.1016	0.10201333333333333
0.2432	0.24367111111111112
0.3556	0.3518088888888889
0.2903	0.2900933333333333
0.5556	0.5
0.0759	0.07730444444444444
0.4915	0.49293777777777775
0.32	0.32
0.1508	0.15124666666666667
0.2234	0.22332666666666665
0.3235	0.32303333333333334
0.5833	0.5823711111111112
0.1456	0.14682222222222224
0.2054	0.20508
0.1094	0.10887111111111111
0.375	0.3752
0.3125	0.31194444444444447
0.1453	0.14571111111111112
0.3265	0.3267066666666667
0.2	0.19955555555555557
0.15	0.15015333333333333
0.875	0.8722222222222222
0.4444	0.4446155555555556
0.3125	0.31416666666666665
0.6286	0.6286
0.9143	0.9143
0.2198	0.2221688888888889
0.2661	0.26012444444444444
0.65	0.64952
0.8462	0.8462
0.0985	0.09941555555555556
0.0714	0.07065555555555555
0.0769	0.07658666666666666
0.303	0.3026977777777778
0.1949	0.1970088888888889
0.4416	0.44174444444444444
0.2062	0.20789555555555556
0.5526	0.5826111111111112
0.0833	0.08285777777777778
0.0625	0.06148222222222222
0.5714	0.5714
0.0833	0.08735555555555555
0.7	0.69924
0.0583	0.05850888888888889
0.2979	0.3044911111111111
0.2195	0.21941555555555556
0.0	0.0018555555555555547
0.2778	0.2781444444444444
0.3571	0.35744888888888887
0.0081	0.012331111111111109
0.16	0.16018444444444446
0.0	3.355555555555544E-4
0.2778	0.29058666666666666
0.3548	0.3547444444444445
0.3333	0.3761911111111111
0.0966	0.09794666666666667
0.3729	0.37433777777777777
0.2	0.2
0.264	0.25856666666666667
0.2234	0.22576888888888888
0.2871	0.28688222222222226
0.5	0.49907111111111113
0.1463	0.14682222222222224
0.2411	0.24078000000000002
0.0532	0.055571111111111106
0.35	0.35019999999999996
0.25	0.24944444444444444
0.1282	0.12861111111111112
0.3469	0.3471066666666667
0.12	0.11955555555555555
0.1348	0.12875333333333333
0.875	0.8722222222222222
0.4444	0.4446155555555556
0.0625	0.06416666666666666
0.4571	0.4571
0.9143	0.9143
0.1978	0.1888688888888889
0.2294	0.23232444444444444
0.6833	0.68282
0.8462	0.8462
0.048	0.03881555555555556
0.1429	0.14215555555555556
0.3333	0.33298666666666665
0.3636	0.3632977777777778
0.152	0.1286088888888889
0.4557	0.45464444444444446
0.0619	0.06209555555555556
0.5556	0.5549111111111111
0.322	0.3537577777777778
0.0625	0.06148222222222222
0.7143	0.7143
0.0417	0.045755555555555556
0.65	0.64924
0.0583	0.05850888888888889
0.1957	0.19589111111111113
0.3293	0.32921555555555554
0.2	0.20185555555555557
0.137	0.12534444444444445
0.5227	0.5479488888888888
0.0081	0.012331111111111109
0.2813	0.27218444444444445
0.0	3.355555555555544E-4
0.2558	0.2556866666666667
0.2903	0.29024444444444447
0.125	0.12619111111111112
0.0897	0.09104666666666666
0.3729	0.37433777777777777
0.2	0.2
0.1825	0.18596666666666667
0.0323	0.032268888888888896
0.2647	0.2670822222222222
0.625	0.6240711111111111
0.152	0.14166
0.25	0.24968
0.1145	0.1144711111111111
0.525	0.5125000000000001
0.375	0.4
0.1496	0.15000000000000002
0.4694	0.46960666666666667
0.12	0.13000444444444442
0.2624	0.26683999999999997
0.875	0.8722222222222222
0.5	0.5005866666666666
0.3125	0.31416666666666665
0.6286	0.6286
0.6571	0.6571
0.2857	0.28567333333333333
0.1204	0.10816666666666667
0.45	0.44952000000000003
0.6923	0.6923
0.1587	0.16325777777777778
0.0	-7.444444444444445E-4
0.5641	0.5639822222222223
0.5152	0.5148977777777778
0.2778	0.2728066666666667
0.1519	0.15220666666666668
0.1443	0.13499555555555554
0.5	0.5270377777777778
0.1379	0.13752444444444445
0.375	0.3739822222222222
0.8571	0.8571
0.0417	0.045755555555555556
0.65	0.64924
0.15	0.14535333333333333
0.2766	0.27701555555555557
0.0732	0.07415333333333333
0.0667	0.06855555555555555
0.0959	0.09652
0.3182	0.3013866666666667
0.065	0.06420666666666666
0.2656	0.27838
0.2838	0.29002666666666665
0.2667	0.26638666666666666
0.2581	0.2578933333333333
0.0	3.0888888888888817E-4
0.1181	0.11953333333333332
0.2586	0.2594288888888889
0.28	0.28
0.1048	0.10508666666666668
0.1915	0.19142666666666666
0.3564	0.36371777777777775
0.7083	0.7073711111111112
0.1832	0.18206
0.2768	0.27648
0.1245	0.11837111111111112
0.5897	0.5894
0.4	0.4
0.1496	0.15000000000000002
0.5102	0.5104066666666667
0.2083	0.17350444444444443
0.223	0.22364
0.875	0.8722222222222222
0.3611	0.36168666666666666
0.25	0.25166666666666665
0.7143	0.7143
0.6286	0.6286
0.2527	0.2526733333333333
0.1238	0.12786666666666666
0.4833	0.48282
0.4615	0.4615
0.1654	0.16695777777777776
0.0714	0.07065555555555555
0.6667	0.6665822222222222
0.2727	0.2723977777777778
0.232	0.2328066666666667
0.2278	0.22810666666666668
0.0722	0.06209555555555556
0.5556	0.5548377777777778
0.1695	0.17202444444444445
0.5625	0.5614822222222222
0.2857	0.2857
0.0417	0.045755555555555556
0.75	0.74924
0.0598	0.059853333333333335
0.3404	0.34081555555555554
0.1111	0.11115333333333334
0.0667	0.06855555555555555
0.0685	0.06912
0.3721	0.37118666666666666
0.0672	0.07280666666666667
0.1008	0.10188
0.2925	0.2969266666666666
0.1667	0.16638666666666665
0.2258	0.22559333333333334
0.0	3.0888888888888817E-4
0.1034	0.10563333333333333
0.322	0.3111288888888889
0.04	0.04
0.0952	0.08898666666666667
0.1596	0.15952666666666665
0.39	0.39401777777777774
0.4583	0.4573711111111111
0.0243	0.02481777777777778
0.2411	0.24062444444444445
0.0226	0.025015555555555555
0.25	0.2502
0.1875	0.18694444444444444
0.1068	0.1073888888888889
0.0612	0.061406666666666665
0.2	0.19955555555555557
0.2979	0.2981488888888889
0.75	0.7472222222222222
0.1111	0.11168666666666667
0.125	0.12666666666666668
0.6571	0.6571
0.8	0.8
0.3407	0.34067333333333333
0.0818	0.08236222222222221
0.4333	0.43282000000000004
0.7692	0.7692
0.0519	0.05335555555555556
0.1429	0.14215555555555556
0.2564	0.2560866666666667
0.3333	0.34341555555555553
0.1984	0.19929333333333332
0.2785	0.2788066666666667
0.0103	0.00987111111111111
0.4211	0.41979999999999995
0.0339	0.03285777777777778
0.125	0.12398222222222223
0.2857	0.2857
0.1667	0.17075555555555555
0.8	0.7992400000000001
0.0583	0.058673333333333334
0.2128	0.21285555555555555
0.2683	0.26834444444444444
0.0667	0.06855555555555555
0.0822	0.08281999999999999
0.1818	0.1812822222222222
0.0407	0.04493111111111111
0.1172	0.11761333333333333
0.2365	0.23696444444444442
0.2889	0.28858666666666666
0.0161	0.015893333333333332
0.1111	0.11140888888888889
0.1119	0.11447333333333333
0.322	0.32343777777777777
0.0	0.0
0.1111	0.11154666666666667
0.1596	0.15952666666666665
0.3039	0.30356222222222223
0.4583	0.4573711111111111
0.0388	0.03931777777777778
0.25	0.24952444444444444
0.0189	0.021315555555555556
0.225	0.2252
0.25	0.24944444444444444
0.1282	0.1287888888888889
0.0612	0.061406666666666665
0.2	0.19955555555555557
0.2979	0.2981488888888889
0.875	0.8722222222222222
0.1111	0.11168666666666667
0.1875	0.18916666666666668
0.6857	0.6857
0.7429	0.7429
0.3297	0.3296733333333333
0.0455	0.04606222222222222
0.4667	0.46622
0.7692	0.7692
0.0959	0.09775555555555555
0.0714	0.07065555555555555
0.2564	0.2560866666666667
0.3333	0.34341555555555553
0.1825	0.18339333333333332
0.2785	0.2788066666666667
0.0	-4.288888888888898E-4
0.3684	0.3671
0.0	-0.0010422222222222215
0.125	0.12398222222222223
0.2857	0.2857
0.125	0.12905555555555556
0.8	0.7992400000000001
0.0667	0.06707333333333333
0.1915	0.19155555555555556
0.3171	0.31714444444444445
0.1333	0.13515555555555556
0.0411	0.04172
0.2045	0.2039822222222222
0.0488	0.05303111111111111
0.0938	0.09421333333333333
0.2568	0.2572644444444444
0.3111	0.31078666666666666
0.0161	0.015893333333333332
0.1111	0.11140888888888889
0.1034	0.10737333333333333
0.3051	0.30653777777777774
0.0	0.0
0.1111	0.11154666666666667
0.1383	0.13822666666666666
0.3431	0.34276222222222225
0.5208	0.5198711111111112
0.1456	0.14208222222222222
0.2321	0.23178
0.1098	0.07423111111111111
0.45	0.4502
0.25	0.24944444444444444
0.2094	0.19924
0.4082	0.4084066666666667
0.0	-4.4444444444444425E-4
0.3214	0.3240355555555555
0.875	0.8722222222222222
0.3056	0.3055777777777778
0.25	0.25166666666666665
0.0857	0.0857
0.4571	0.4571
0.2308	0.2332688888888889
0.0091	0.009895555555555553
0.5833	0.58282
0.5385	0.5385
0.0519	0.05296
0.0	-4.5555555555555594E-4
0.2308	0.23048666666666667
0.4242	0.4238977777777778
0.246	0.24680444444444444
0.1519	0.15228444444444444
0.0309	0.030504444444444445
0.4474	0.4461
0.0	-0.0011022222222222217
0.25	0.24898222222222222
0.7143	0.7143
0.0417	0.045755555555555556
0.85	0.84924
0.0583	0.059
0.1915	0.19155555555555556
0.3537	0.35012666666666664
0.1333	0.13515555555555556
0.0411	0.04172
0.0	-2.2222222222222242E-4
0.0976	0.09496666666666666
0.0952	0.09567555555555557
0.068	0.06848
0.3222	0.32188666666666665
0.1129	0.11269333333333334
0.0	3.0888888888888817E-4
0.1597	0.15507555555555555
0.339	0.3404377777777778
0.08	0.08
0.0	4.4666666666666726E-4
0.2128	0.21272666666666665
0.3333	0.33303555555555553
0.5	0.49907111111111113
0.1262	0.12258222222222222
0.2768	0.27648
0.1446	0.14273111111111111
0.3	0.30019999999999997
0.1875	0.18694444444444444
0.1327	0.13284
0.4082	0.4084066666666667
0.2	0.19955555555555557
0.2979	0.30253555555555556
0.875	0.8722222222222222
0.4167	0.4166777777777778
0.0625	0.06416666666666666
0.4	0.4
0.6571	0.6571
0.2747	0.2666688888888889
0.3455	0.3462955555555555
0.5833	0.58282
0.6923	0.6923
0.0443	0.04176
0.2857	0.30724444444444443
0.2564	0.2560866666666667
0.4848	0.4844977777777778
0.1667	0.16750444444444443
0.2025	0.20288444444444445
0.2887	0.2883044444444445
0.4474	0.4461
0.0169	0.015797777777777775
0.25	0.24898222222222222
0.8571	0.8571
0.0833	0.08735555555555555
0.6	0.59924
0.0504	0.0506
0.1915	0.19155555555555556
0.3704	0.37512666666666666
0.1333	0.13515555555555556
0.0685	0.06912
0.6136	0.6276777777777778
0.0248	0.028866666666666665
0.2578	0.2623755555555556
0.2297	0.23178
0.3222	0.32188666666666665
0.1935	0.19329333333333334
0.4444	0.44470888888888893
0.0903	0.09217555555555555
0.4746	0.4760377777777778
0.08	0.08
0.0556	0.05604666666666666
0.1809	0.18082666666666666
0.2843	0.28403555555555554
0.5	0.49907111111111113
0.115	0.11533777777777779
0.2232	0.22288000000000002
0.1103	0.11267111111111111
0.125	0.1252
0.1875	0.18694444444444444
0.1293	0.12980444444444444
0.3265	0.3267066666666667
0.12	0.11955555555555555
0.227	0.22724222222222223
0.875	0.8722222222222222
0.2778	0.27810444444444443
0.3125	0.31416666666666665
0.6286	0.6286
0.9143	0.9143
0.2967	0.29667333333333334
0.1193	0.11997333333333333
0.4167	0.41622000000000003
0.6154	0.6154
0.059	0.06040222222222222
0.1429	0.14215555555555556
0.3333	0.33298666666666665
0.5313	0.5304888888888889
0.2381	0.2388288888888889
0.2278	0.22810666666666668
0.3299	0.32966222222222225
0.5263	0.525
0.0508	0.04969777777777778
0.4375	0.43731555555555557
0.5714	0.5714
0.1304	0.13371777777777777
0.75	0.74924
0.0424	0.04242
0.2128	0.21285555555555555
0.1951	0.19514444444444445
0.0667	0.06855555555555555
0.1233	0.12392
0.25	0.24928444444444445
0.0081	0.012331111111111109
0.1339	0.13428222222222222
0.2534	0.25378222222222224
0.2333	0.23298666666666668
0.2167	0.21588222222222223
0.3333	0.3336088888888889
0.1103	0.11184444444444444
0.4068	0.40823777777777775
0.04	0.04
0.065	0.06532
0.2198	0.21984222222222222
0.2451	0.24483555555555556
0.4792	0.47827111111111115
0.1408	0.13533777777777778
0.2321	0.23178
0.1094	0.10887111111111111
0.2	0.20020000000000002
0.3125	0.31194444444444447
0.141	0.14270444444444444
0.3673	0.3675066666666667
0.04	0.03955555555555556
0.2482	0.24844222222222223
0.875	0.8722222222222222
0.5833	0.5836044444444445
0.3125	0.31416666666666665
0.6286	0.6286
0.8571	0.8571
0.2747	0.2746733333333333
0.1727	0.17497333333333334
0.6	0.5995199999999999
0.8462	0.8462
0.0815	0.08260222222222223
0.1429	0.14215555555555556
0.359	0.35868666666666665
0.3939	0.3741888888888889
0.2302	0.23092888888888888
0.1266	0.12690666666666667
0.2887	0.28846222222222223
0.2895	0.28819999999999996
0.1186	0.11749777777777777
0.5	0.49981555555555557
0.4286	0.4286
0.1667	0.13371777777777777
0.8	0.7992400000000001
0.1333	0.12711999999999998
0.2128	0.21285555555555555
0.1341	0.13414444444444446
0.1333	0.13515555555555556
0.1918	0.19242
0.4773	0.4765844444444444
0.0	0.00423111111111111
0.1328	0.12638222222222223
0.1757	0.17848222222222224
0.2889	0.28858666666666666
0.4516	0.4491822222222222
0.3333	0.3336088888888889
0.0897	0.09124444444444445
0.4407	0.44213777777777774
0.36	0.36
0.1905	0.17922
0.1915	0.19784222222222222
0.3235	0.32323555555555555
0.1875	0.1865913043478261
0.0388	0.03949565217391304
0.1696	0.16922826086956522
0.0189	0.017504347826086956
0.375	0.37519565217391304
0.1875	0.18695652173913044
0.0299	0.030402173913043475
0.102	0.10220217391304347
0.0	-4.34782608695652E-4
0.1631	0.16475434782608694
0.75	0.7472826086956522
0.1667	0.16727391304347825
0.125	0.1266304347826087
0.6571	0.6571
0.8571	0.8571
0.2088	0.20870652173913046
0.0727	0.06518695652173913
0.5167	0.5162304347826088
0.6923	0.6923
0.0111	0.012230434782608697
0.1429	0.1421717391304348
0.3077	0.30739347826086955
0.4242	0.423904347826087
0.1508	0.15156304347826086
0.1266	0.09280869565217391
0.0	-3.8695652173913127E-4
0.3421	0.34082826086956525
0.1695	0.17169782608695652
0.3125	0.31150434782608694
0.7143	0.7143
0.0417	0.045667391304347826
0.7	0.7
0.05	0.0502
0.2128	0.21285434782608695
0.1098	0.1097804347826087
0.1333	0.13511521739130436
0.137	0.13954130434782608
0.3636	0.36292173913043474
0.0081	0.012239130434782607
0.125	0.11834347826086956
0.1486	0.15334565217391302
0.1333	0.1244804347826087
0.1774	0.17719782608695653
0.2222	0.2225021739130435
0.0897	0.051976086956521735
0.339	0.34040652173913044
0.0	0.0
0.0397	0.040382608695652175
0.2447	0.23633695652173914
0.2059	0.2056413043478261
0.5208	0.5198711111111112
0.0448	0.045380000000000004
0.1964	0.19608
0.0418	0.04047111111111111
0.25	0.2502
0.1875	0.18694444444444444
0.0889	0.08940222222222223
0.3878	0.38800666666666667
0.16	0.15955555555555556
0.234	0.23441555555555557
0.875	0.8722222222222222
0.3611	0.34307333333333334
0.0	0.001666666666666667
0.6	0.6
0.8857	0.8857
0.2418	0.2417733333333333
0.1818	0.18410444444444443
0.55	0.54952
0.6154	0.6154
0.0259	0.023386666666666667
0.2143	0.21355555555555555
0.3333	0.33298666666666665
0.5152	0.49904
0.1587	0.15950444444444445
0.3544	0.35470666666666667
0.299	0.29860444444444445
0.3947	0.39339999999999997
0.1356	0.13449777777777777
0.0	-0.0010177777777777767
0.5714	0.5714
0.0417	0.045755555555555556
0.75	0.74924
0.0417	0.04190888888888889
0.2766	0.27665555555555554
0.122	0.12204444444444444
0.2	0.20185555555555557
0.1831	0.18376
0.4773	0.4767822222222222
0.0163	0.020531111111111108
0.1429	0.1430422222222222
0.2838	0.28601333333333334
0.2556	0.25528666666666666
0.2097	0.20949333333333334
0.2222	0.2225088888888889
0.0694	0.07082444444444445
0.4237	0.4251377777777778
0.08	0.08
0.2063	0.2067466666666667
0.0851	0.08502666666666667
0.2353	0.23503555555555555
0.0	-9.288888888888902E-4
0.1262	0.12997999999999998
0.2054	0.20508
0.072	0.06717111111111111
0.25	0.2502
0.25	0.24944444444444444
0.1502	0.13850222222222222
0.3673	0.3675066666666667
0.12	0.11955555555555555
0.2695	0.2699155555555556
0.875	0.8722222222222222
0.3429	0.34307333333333334
0.0	0.001666666666666667
0.5714	0.5714
0.9429	0.9429
0.2308	0.23077333333333333
0.1193	0.11990444444444445
0.5667	0.56622
0.4615	0.4615
0.1222	0.12378666666666667
0.1429	0.14215555555555556
0.0769	0.07658666666666666
0.4375	0.43654
0.1587	0.15950444444444445
0.2405	0.24080666666666667
0.1546	0.15420444444444442
0.3684	0.3671
0.0169	0.015797777777777775
0.0625	0.06148222222222222
0.2857	0.2857
0.125	0.12905555555555556
0.75	0.74924
0.0333	0.033508888888888894
0.234	0.23405555555555557
0.2805	0.2805444444444445
0.3333	0.33515555555555554
0.0822	0.08516000000000001
0.1364	0.1358822222222222
0.0976	0.10183111111111112
0.2422	0.23824222222222222
0.0748	0.07511333333333334
0.3444	0.34408666666666665
0.2258	0.22559333333333334
0.0	3.0888888888888817E-4
0.1448	0.14722444444444446
0.3729	0.37433777777777777
0.08	0.08
0.0873	0.08774666666666667
0.0426	0.042526666666666664
0.2745	0.27423555555555557
0.625	0.63716
0.1796	0.1686777777777778
0.25	0.24724000000000002
0.0725	0.064
0.275	0.2752
0.125	0.12444444444444444
0.1207	0.12125333333333334
0.2245	0.22470666666666667
0.12	0.11955555555555555
0.1489	0.14915111111111112
0.875	0.8722222222222222
0.4706	0.47139555555555557
0.375	0.33404
0.3143	0.3143
0.4	0.4
0.0879	0.08787333333333334
0.1545	0.14726222222222224
0.4833	0.48282
0.3077	0.3077
0.0037	0.004833333333333334
0.2143	0.21355555555555555
0.6842	0.6843888888888889
0.3333	0.3113311111111111
0.246	0.24115333333333333
0.1772	0.17750666666666667
0.268	0.2676044444444445
0.2105	0.2092
0.0	-0.0011600000000000002
0.3125	0.3114822222222222
0.4286	0.4286
0.0833	0.08735555555555555
0.55	0.5492400000000001
0.0917	0.09272666666666667
0.1915	0.19144222222222224
0.1111	0.11237333333333334
0.1333	0.13515555555555556
0.0274	0.02842222222222222
0.25	0.24948222222222222
0.1301	0.10550888888888889
0.2422	0.22394666666666668
0.2027	0.19466444444444445
0.1667	0.16638666666666665
0.1452	0.14499333333333334
0.1111	0.11140888888888889
0.0552	0.049846666666666664
0.4068	0.4083177777777778
0.48	0.48025999999999996
0.1032	0.10474222222222222
0.1915	0.1916
0.2451	0.24475555555555556
0.4681	0.46696000000000004
0.0248	0.025177777777777778
0.2385	0.23804
0.0305	0.025400000000000002
0.375	0.3752
0.1875	0.18694444444444444
0.2094	0.21175333333333332
0.1429	0.14310666666666666
0.12	0.11955555555555555
0.2057	0.2059511111111111
0.875	0.8722222222222222
0.3611	0.35369555555555554
0.2667	0.26744
0.5143	0.5143
0.4857	0.4857
0.033	0.032973333333333334
0.0	4.622222222222219E-4
0.4667	0.46622
0.6154	0.6154
0.0	0.0011333333333333332
0.1429	0.14215555555555556
0.5385	0.5527888888888889
0.375	0.3738311111111111
0.224	0.22515333333333334
0.2405	0.24080666666666667
0.0	-3.955555555555564E-4
0.4737	0.4724
0.0	-0.0011600000000000002
0.0625	0.06148222222222222
0.5714	0.5714
0.0417	0.045755555555555556
0.55	0.5492400000000001
0.0252	0.025526666666666666
0.2553	0.25524222222222226
0.3457	0.33737333333333336
0.3333	0.33515555555555554
0.0139	0.014522222222222223
0.0909	0.09038222222222222
0.0085	0.01230888888888889
0.304	0.30394666666666664
0.1448	0.14606444444444447
0.3222	0.32188666666666665
0.2258	0.22559333333333334
0.0	3.0888888888888817E-4
0.125	0.12624666666666667
0.4915	0.4930177777777778
0.0	2.599999999999985E-4
0.008	0.008742222222222222
0.0106	0.0107
0.3431	0.3427555555555556
0.5	0.49907111111111113
0.0437	0.04421777777777778
0.2589	0.25858000000000003
0.0679	0.07031555555555556
0.3	0.30019999999999997
0.375	0.37416666666666665
0.1368	0.13721111111111112
0.3878	0.3884222222222222
0.36	0.3745177777777778
0.305	0.3055222222222222
0.875	0.8722222222222222
0.25	0.2505866666666667
0.4375	0.43916666666666665
0.7143	0.7143
0.9429	0.9429
0.1319	0.13187333333333331
0.2	0.20248
0.4833	0.48282
0.6923	0.6923
0.0963	0.09744222222222222
0.2857	0.2849555555555556
0.359	0.35868666666666665
0.4848	0.4844977777777778
0.1825	0.18330444444444444
0.2785	0.2788066666666667
0.0825	0.08210444444444445
0.4211	0.41979999999999995
0.1356	0.13443777777777777
0.1875	0.18648222222222222
0.5714	0.5714
0.0833	0.08735555555555555
0.7	0.69924
0.0583	0.05850888888888889
0.3191	0.3191555555555555
0.1585	0.15854444444444446
0.0667	0.06855555555555555
0.1507	0.15334444444444445
0.5227	0.5221822222222223
0.0081	0.012328888888888887
0.2656	0.2724844444444445
0.0203	0.020635555555555553
0.1889	0.18858666666666668
0.1935	0.19329333333333334
0.4444	0.44470888888888893
0.1042	0.10562
0.4576	0.45903777777777777
0.04	0.04
0.2016	0.20188444444444445
0.0957	0.09562666666666667
0.2647	0.2670222222222222
0.4167	0.41577111111111115
0.0146	0.015117777777777779
0.2589	0.25858000000000003
0.0642	0.06661555555555555
0.225	0.2252
0.3125	0.31166666666666665
0.1197	0.12011111111111111
0.4286	0.4292222222222222
0.36	0.3745177777777778
0.2837	0.2842222222222222
0.875	0.8722222222222222
0.2222	0.2227866666666667
0.3125	0.31416666666666665
0.7429	0.7429
0.9714	0.9714
0.044	0.04397333333333333
0.1927	0.19338
0.4667	0.46622
0.6154	0.6154
0.0332	0.03444222222222223
0.2143	0.21355555555555555
0.3333	0.33298666666666665
0.4545	0.4541977777777778
0.1349	0.13570444444444443
0.2911	0.2914066666666667
0.1649	0.16450444444444443
0.3158	0.3145
0.2034	0.20223777777777777
0.1875	0.18648222222222222
0.1429	0.1429
0.0833	0.08735555555555555
0.55	0.5492400000000001
0.0667	0.06690888888888889
0.2766	0.27665555555555554
0.1463	0.14634444444444447
0.0667	0.06855555555555555
0.137	0.13944444444444445
0.5682	0.5676822222222223
0.0081	0.012328888888888887
0.152	0.15248444444444445
0.0	3.355555555555544E-4
0.1889	0.18858666666666668
0.1935	0.19329333333333334
0.4444	0.44470888888888893
0.069	0.07082000000000001
0.4407	0.44213777777777774
0.08	0.08
0.1746	0.16158444444444445
0.0957	0.09562666666666667
0.2255	0.22742222222222225
0.5208	0.5198711111111112
0.1456	0.1426888888888889
0.2232	0.22288000000000002
0.083	0.08548222222222222
0.35	0.35019999999999996
0.3125	0.31194444444444447
0.1282	0.12861111111111112
0.3878	0.38800666666666667
0.44	0.4989222222222222
0.1277	0.1279888888888889
0.875	0.8722222222222222
0.1389	0.13948666666666668
0.3125	0.31416666666666665
0.5429	0.5429
0.6286	0.6286
0.1099	0.10987333333333334
0.1545	0.1551311111111111
0.4833	0.48282
0.6154	0.6154
0.107	0.10813777777777778
0.0714	0.07065555555555555
0.359	0.35868666666666665
0.2727	0.2723977777777778
0.2302	0.23100444444444443
0.2658	0.26610666666666666
0.0825	0.08210444444444445
0.4211	0.41979999999999995
0.0678	0.06669777777777777
0.25	0.24898222222222222
0.2857	0.2857
0.0833	0.08735555555555555
0.6	0.59924
0.075	0.0752088888888889
0.234	0.23405555555555557
0.2195	0.21954444444444446
0.2	0.20185555555555557
0.274	0.27841333333333335
0.4091	0.40858222222222224
0.0	0.00423111111111111
0.2063	0.20670666666666668
0.1892	0.18953555555555557
0.2778	0.27748666666666666
0.129	0.12879333333333334
0.2222	0.2225088888888889
0.1517	0.1543711111111111
0.4237	0.4251377777777778
0.16	0.16
0.2937	0.29410444444444445
0.234	0.23392666666666667
0.3039	0.30363555555555555
0.5208	0.5198711111111112
0.1262	0.1279888888888889
0.2232	0.22288000000000002
0.083	0.08548222222222222
0.35	0.35019999999999996
0.3125	0.31194444444444447
0.1368	0.13721111111111112
0.4082	0.4084066666666667
0.48	0.5444222222222223
0.1277	0.1279888888888889
0.875	0.8722222222222222
0.25	0.2505866666666667
0.3125	0.31416666666666665
0.5429	0.5429
0.6286	0.6286
0.2747	0.2746733333333333
0.1636	0.1642311111111111
0.4833	0.48282
0.6154	0.6154
0.107	0.10813777777777778
0.0714	0.07065555555555555
0.359	0.35868666666666665
0.2727	0.2723977777777778
0.2302	0.23100444444444443
0.2785	0.2788066666666667
0.0619	0.06150444444444444
0.4211	0.41979999999999995
0.0678	0.06669777777777777
0.25	0.24898222222222222
0.2857	0.2857
0.0833	0.08735555555555555
0.6	0.59924
0.075	0.0752088888888889
0.234	0.23405555555555557
0.1951	0.19514444444444445
0.2	0.20185555555555557
0.274	0.27841333333333335
0.4318	0.43128222222222223
0.0	0.00423111111111111
0.1719	0.17500666666666667
0.1959	0.19623555555555555
0.2778	0.27748666666666666
0.0806	0.08039333333333334
0.2222	0.2225088888888889
0.1667	0.1682711111111111
0.4576	0.45903777777777777
0.24	0.24
0.2857	0.28610444444444444
0.234	0.23392666666666667
0.3039	0.30363555555555555
0.2444	0.24330666666666667
0.0148	0.015340000000000001
0.2072	0.20535555555555557
0.0659	0.06471777777777778
0.225	0.2252
0.3125	0.31194444444444447
0.136	0.13650666666666667
0.3958	0.3958
0.16	0.15955555555555556
0.0441	0.043813333333333336
0.625	0.6222222222222222
0.3056	0.30618666666666666
0.0625	0.06416666666666666
0.6	0.6
1.0	1.0
0.2222	0.22218444444444446
0.1481	0.14881111111111112
0.5333	0.53282
0.9231	0.9231
0.097	0.09856888888888889
0.1429	0.14215555555555556
0.0769	0.07658666666666666
0.3333	0.3329977777777778
0.127	0.12777333333333335
0.2658	0.26618444444444445
0.0632	0.06292222222222223
0.2105	0.2092
0.1525	0.15402666666666667
0.0	-1.8444444444444387E-4
0.5714	0.5714
0.0476	0.05142666666666667
0.75	0.7484222222222222
0.0508	0.051026666666666665
0.2128	0.21285555555555555
0.0854	0.08544444444444445
0.0769	0.07938666666666666
0.3151	0.31572
0.3182	0.3176822222222222
0.0088	0.01174
0.126	0.12642666666666666
0.0541	0.054435555555555556
0.2222	0.21534444444444445
0.1935	0.19329333333333334
0.2222	0.2225088888888889
0.0347	0.03626888888888889
0.3898	0.39123777777777774
0.08	0.08
0.304	0.30450222222222223
0.2637	0.26401777777777774
0.2157	0.21543555555555555
0.8542	0.8656066666666667
0.1553	0.15324000000000002
0.1651	0.16795555555555555
0.0868	0.07631777777777778
0.4	0.4002
0.25	0.24944444444444444
0.1667	0.17160666666666666
0.551	0.5417
0.16	0.15955555555555556
0.234	0.21291333333333334
0.875	0.8722222222222222
0.6111	0.6116866666666666
0.25	0.25166666666666665
0.7714	0.7714
1.0	1.0
0.2747	0.27778444444444444
0.2727	0.2692111111111111
0.4	0.39952000000000004
0.9231	0.9231
0.1107	0.11356888888888889
0.2143	0.21355555555555555
0.3846	0.38428666666666667
0.3333	0.3329977777777778
0.119	0.11977333333333333
0.3797	0.38008444444444445
0.268	0.27342222222222223
0.2105	0.2092
0.1207	0.11952666666666667
0.4375	0.43731555555555557
0.4286	0.4286
0.1667	0.14672666666666667
0.75	0.7484222222222222
0.125	0.12732666666666667
0.1915	0.19155555555555556
0.1585	0.15854444444444446
0.2667	0.23328666666666667
0.3151	0.31572
0.3636	0.3630822222222222
0.1626	0.11794
0.125	0.12642666666666666
0.1959	0.19623555555555555
0.2955	0.29494444444444445
0.2903	0.2900933333333333
0.2222	0.2225088888888889
0.0897	0.09186888888888889
0.4576	0.45903777777777777
0.6	0.6
0.3175	0.32050222222222224
0.2872	0.29701777777777777
0.1667	0.16643555555555553
0.4583	0.4573711111111111
0.0437	0.04421777777777778
0.2054	0.20508
0.0604	0.06296
0.325	0.3252
0.3125	0.31194444444444447
0.1325	0.13290000000000002
0.4286	0.42880666666666667
0.2	0.20802
0.1277	0.1279888888888889
0.5	0.49722222222222223
0.0833	0.08388666666666666
0.5	0.4670177777777778
0.5143	0.5143
0.4857	0.4857
0.2857	0.28567333333333333
0.1273	0.1279311111111111
0.4667	0.46622
0.6154	0.6154
0.1181	0.11962888888888888
0.2143	0.21355555555555555
0.3333	0.33298666666666665
0.3939	0.39359777777777777
0.2063	0.20710444444444445
0.2785	0.2788066666666667
0.0309	0.030504444444444445
0.3421	0.3408
0.0169	0.015797777777777775
0.25	0.24898222222222222
0.2857	0.2857
0.125	0.09027333333333333
0.75	0.74924
0.0417	0.042375555555555555
0.2128	0.21285555555555555
0.1341	0.13414444444444446
0.1333	0.13515555555555556
0.2877	0.29240444444444447
0.3636	0.3630822222222222
0.0	0.00423111111111111
0.1094	0.11062444444444446
0.0946	0.09493555555555556
0.2667	0.2663155555555555
0.1129	0.11269333333333334
0.2222	0.2225088888888889
0.0828	0.08418222222222223
0.4068	0.40823777777777775
0.6	0.6
0.3175	0.31794666666666666
0.1809	0.18082666666666666
0.2255	0.22523555555555555
0.5208	0.5198711111111112
0.1117	0.11221777777777778
0.2054	0.20508
0.1321	0.13466
0.325	0.3252
0.3125	0.31194444444444447
0.1667	0.1671
0.449	0.4492066666666667
0.25	0.24972
0.1702	0.17048888888888888
0.75	0.7472222222222222
0.25	0.2505866666666667
0.2667	0.2670177777777778
0.6	0.6
0.8571	0.8571
0.2967	0.29667333333333334
0.1364	0.1370311111111111
0.55	0.54952
0.7692	0.7692
0.1444	0.1455288888888889
0.2143	0.21355555555555555
0.4359	0.4355866666666667
0.5455	0.5451977777777778
0.2778	0.27860444444444443
0.2532	0.25350666666666666
0.2577	0.25730444444444445
0.4211	0.41979999999999995
0.0339	0.03279777777777778
0.25	0.24898222222222222
0.7143	0.7143
0.1304	0.1336733333333333
0.8	0.7992400000000001
0.042	0.042375555555555555
0.234	0.23405555555555557
0.2805	0.2805444444444445
0.1333	0.13515555555555556
0.1389	0.13960444444444445
0.4545	0.45398222222222223
0.0	0.00423111111111111
0.1575	0.15792444444444445
0.277	0.27733555555555556
0.2	0.19961555555555557
0.1774	0.17719333333333334
0.2222	0.2225088888888889
0.1172	0.11858222222222223
0.4746	0.4760377777777778
0.04	0.04
0.1508	0.15124666666666667
0.1489	0.14882666666666666
0.3039	0.30363555555555555
0.5	0.49907111111111113
0.1117	0.11228666666666666
0.2411	0.24072666666666667
0.0113	0.013788888888888889
0.3	0.30019999999999997
0.3125	0.31194444444444447
0.1496	0.15210444444444443
0.3673	0.3675066666666667
0.08	0.07955555555555556
0.2766	0.28098
1.0	1.0
0.3333	0.33388666666666666
0.0	0.001666666666666667
0.5714	0.5714
0.6	0.6
0.2308	0.23077333333333333
0.0818	0.08238444444444444
0.6333	0.6328199999999999
0.5385	0.5385
0.0	0.0011555555555555555
0.0	-7.444444444444445E-4
0.0	-3.133333333333334E-4
0.4545	0.48468
0.246	0.24680444444444444
0.2025	0.2028066666666667
0.2784	0.2781911111111111
0.3947	0.39339999999999997
0.0	-0.0011022222222222217
0.1875	0.18648222222222222
0.4286	0.4286
0.125	0.12905555555555556
0.65	0.64924
0.0167	0.01690888888888889
0.2553	0.25535555555555556
0.4512	0.4556177777777778
0.1333	0.13515555555555556
0.0548	0.055420000000000004
0.1136	0.11308222222222224
0.0081	0.012331111111111109
0.2188	0.21916
0.0676	0.06793555555555555
0.3222	0.32188666666666665
0.129	0.12879333333333334
0.0	3.0888888888888817E-4
0.0833	0.08474222222222222
0.5254	0.5268377777777777
0.0	0.0
0.0	4.4666666666666726E-4
0.1489	0.14882666666666666
0.3431	0.34283555555555556
0.5	0.49907111111111113
0.1553	0.15588666666666667
0.2857	0.2853266666666667
0.083	0.08548888888888889
0.35	0.35019999999999996
0.375	0.37444444444444447
0.1602	0.16080444444444444
0.449	0.4492066666666667
0.2	0.19955555555555557
0.1223	0.12268000000000001
0.875	1.0
0.3056	0.30618666666666666
0.25	0.25166666666666665
0.6286	0.6286
0.7714	0.7714
0.2527	0.2526733333333333
0.2273	0.22788444444444445
0.5667	0.56622
0.7692	0.7692
0.0812	0.08235555555555554
0.0714	0.07065555555555555
0.1026	0.10228666666666666
0.4839	0.48468
0.2302	0.23100444444444443
0.3924	0.3927066666666667
0.134	0.1337911111111111
0.3947	0.39339999999999997
0.0847	0.08359777777777777
0.0625	0.06148222222222222
0.2857	0.2857
0.0833	0.08735555555555555
0.65	0.64924
0.0417	0.04190888888888889
0.2766	0.27665555555555554
0.1392	0.13911777777777776
0.1333	0.13515555555555556
0.3014	0.30202
0.3409	0.3403822222222222
0.0081	0.012331111111111109
0.2109	0.21126
0.1486	0.14893555555555557
0.3111	0.31078666666666666
0.129	0.12879333333333334
0.2222	0.2225088888888889
0.1448	0.14724222222222225
0.5085	0.5099377777777777
0.28	0.28
0.2937	0.29414666666666667
0.2553	0.2552266666666667
0.2745	0.27423555555555557
0.3958	0.3948711111111111
0.0291	0.02959777777777778
0.1607	0.16038000000000002
0.0642	0.06661555555555555
0.2	0.20020000000000002
0.125	0.12444444444444444
0.1325	0.13298222222222222
0.0	2.0666666666666858E-4
0.28	0.27955555555555556
0.1915	0.1917888888888889
0.625	0.6222222222222222
0.1667	0.16728666666666667
0.25	0.25166666666666665
0.4	0.4
0.4857	0.4857
0.2198	0.21977333333333332
0.1909	0.1915311111111111
0.4333	0.43282000000000004
0.5385	0.5385
0.0738	0.07568222222222222
0.0714	0.07065555555555555
0.359	0.35868666666666665
0.1515	0.15119777777777776
0.2302	0.23100444444444443
0.2658	0.26610666666666666
0.0412	0.04080444444444444
0.3421	0.3408
0.0508	0.04969777777777778
0.1875	0.18648222222222222
0.1429	0.1429
0.0833	0.08735555555555555
0.6	0.59924
0.075	0.07519333333333333
0.3043	0.3182288888888889
0.2927	0.29633333333333334
0.0	0.0018555555555555547
0.1644	0.16502
0.3182	0.3176822222222222
0.0163	0.020531111111111108
0.1016	0.10201333333333333
0.1351	0.13543555555555556
0.1333	0.13298666666666667
0.0161	0.015893333333333332
0.2222	0.2225088888888889
0.1379	0.13928222222222222
0.1356	0.1370377777777778
0.08	0.08
0.2698	0.27249333333333337
0.1809	0.18082666666666666
0.2941	0.2967222222222222
0.3958	0.3948711111111111
0.0243	0.024797777777777776
0.1786	0.17828000000000002
0.0642	0.06661555555555555
0.2	0.20020000000000002
0.1875	0.18694444444444444
0.1325	0.13298222222222222
0.0	2.0666666666666858E-4
0.2	0.19955555555555557
0.227	0.2272888888888889
0.625	0.6222222222222222
0.1944	0.19498666666666667
0.25	0.25166666666666665
0.5714	0.5714
0.4857	0.4857
0.2198	0.21977333333333332
0.2	0.20063111111111112
0.4333	0.43282000000000004
0.5385	0.5385
0.0701	0.07198222222222221
0.0714	0.07065555555555555
0.3846	0.38428666666666667
0.1515	0.15119777777777776
0.2381	0.23890444444444445
0.2658	0.26610666666666666
0.0412	0.04080444444444444
0.3684	0.3671
0.0339	0.03279777777777778
0.1875	0.18648222222222222
0.1429	0.1429
0.0833	0.08735555555555555
0.6	0.59924
0.0667	0.06689333333333333
0.2979	0.3182288888888889
0.3171	0.32103333333333334
0.0	0.0018555555555555547
0.1644	0.16502
0.3409	0.3403822222222222
0.0163	0.020531111111111108
0.1328	0.13321333333333332
0.1554	0.15573555555555557
0.1556	0.15528666666666666
0.0161	0.015893333333333332
0.2222	0.2225088888888889
0.1517	0.15308222222222223
0.1356	0.1370377777777778
0.16	0.16
0.296	0.29649333333333333
0.1915	0.19142666666666666
0.2843	0.28682222222222226
0.5625	0.5615711111111111
0.1262	0.1267177777777778
0.2946	0.29703111111111113
0.0717	0.07106444444444444
0.425	0.42519999999999997
0.375	0.37444444444444447
0.1624	0.16348444444444443
0.3061	0.30630666666666667
0.16	0.16637777777777776
0.227	0.2272888888888889
0.875	0.8722222222222222
0.3056	0.30618666666666666
0.25	0.25166666666666665
0.5143	0.5143
0.9429	0.9429
0.1209	0.12087333333333333
0.1909	0.17652666666666667
0.6333	0.6438533333333334
0.7692	0.7692
0.1	0.1013
0.2143	0.21355555555555555
0.0513	0.050986666666666666
0.3939	0.39359777777777777
0.1984	0.19934
0.3671	0.36730444444444443
0.0928	0.09234222222222221
0.4737	0.4724
0.0	-0.0011022222222222217
0.0625	0.06148222222222222
0.7143	0.7143
0.125	0.12905555555555556
0.75	0.74924
0.1	0.1002088888888889
0.2553	0.25535555555555556
0.0976	0.09764444444444445
0.1333	0.13515555555555556
0.3151	0.29874
0.2045	0.2039822222222222
0.0	0.00423111111111111
0.2188	0.21921333333333332
0.1757	0.17603555555555556
0.3111	0.31096888888888885
0.4355	0.4352933333333333
0.2222	0.2225088888888889
0.1034	0.10562
0.4746	0.4760377777777778
0.28	0.28
0.246	0.24644666666666667
0.3085	0.31171333333333334
0.3431	0.34283555555555556
0.4583	0.4573711111111111
0.1019	0.10241777777777779
0.2973	0.29703111111111113
0.1217	0.12446444444444445
0.325	0.3252
0.1875	0.18694444444444444
0.1373	0.13768444444444444
0.3061	0.30630666666666667
0.25	0.24967777777777778
0.2199	0.2201888888888889
0.875	0.8722222222222222
0.25	0.2505866666666667
0.3125	0.31416666666666665
0.6	0.6
0.9429	0.9429
0.2637	0.2636733333333333
0.2593	0.25992666666666664
0.5593	0.5590533333333334
0.6923	0.6923
0.1181	0.11979999999999999
0.1429	0.14215555555555556
0.1538	0.15348666666666666
0.5152	0.5148977777777778
0.2063	0.20724
0.3291	0.32930444444444446
0.0309	0.03044222222222222
0.4211	0.41979999999999995
0.0678	0.06669777777777777
0.375	0.3739822222222222
0.7143	0.7143
0.0833	0.08735555555555555
0.8	0.7992400000000001
0.0833	0.0835088888888889
0.2553	0.25535555555555556
0.1585	0.15854444444444446
0.1333	0.13515555555555556
0.3433	0.34354
0.4091	0.40858222222222224
0.0081	0.012331111111111109
0.1172	0.11761333333333333
0.1554	0.15573555555555557
0.2667	0.26656888888888886
0.1452	0.14499333333333334
0.2222	0.2225088888888889
0.1389	0.14032
0.3559	0.35733777777777775
0.28	0.28
0.2857	0.28614666666666666
0.2473	0.2472133333333333
0.2549	0.25463555555555556
0.4375	0.43659130434782606
0.0728	0.07330652173913044
0.1964	0.19608695652173913
0.0755	0.07793913043478261
0.2	0.20019565217391305
0.3125	0.3119565217391304
0.1667	0.16710217391304347
0.1429	0.14310217391304347
0.12	0.11956521739130434
0.2695	0.2696934782608696
0.875	0.8722826086956522
0.2778	0.27837391304347825
0.1875	0.1891304347826087
0.7429	0.7429
0.8857	0.8857
0.2857	0.2856739130434783
0.1727	0.17495869565217392
0.4167	0.4162304347826087
0.6923	0.6923
0.0332	0.034310869565217395
0.1429	0.1421717391304348
0.2051	0.20479347826086958
0.4242	0.423904347826087
0.0635	0.06428695652173913
0.2658	0.2661
0.1134	0.11301304347826087
0.3421	0.34082826086956525
0.0	-0.0010782608695652169
0.25	0.24900434782608696
0.5714	0.5714
0.0417	0.045667391304347826
0.75	0.7492565217391305
0.05	0.05020434782608696
0.234	0.23405434782608697
0.2317	0.23174347826086955
0.1333	0.13480434782608697
0.0548	0.05540652173913044
0.3864	0.3861586956521739
0.0244	0.02853913043478261
0.1328	0.13320434782608695
0.2027	0.2031173913043478
0.1667	0.1704326086956522
0.2097	0.20949782608695652
0.1111	0.11140217391304348
0.0621	0.06347391304347827
0.3898	0.3912065217391304
0.04	0.04
0.0873	0.08773695652173913
0.2128	0.2127282608695652
0.2549	0.2546413043478261
0.4167	0.4157913043478261
0.0243	0.024791304347826087
0.125	0.1247608695652174
0.1132	0.1107913043478261
0.225	0.22519565217391305
0.3125	0.3119565217391304
0.1154	0.11242608695652175
0.449	0.4492021739130435
0.16	0.15956521739130436
0.1844	0.18468260869565217
0.625	0.6222826086956522
0.1944	0.19497391304347825
0.0625	0.0641304347826087
0.6	0.6
1.0	1.0
0.2308	0.23077391304347827
0.1273	0.12791739130434782
0.5167	0.5162304347826088
0.7692	0.7692
0.0701	0.07121521739130435
0.2143	0.21357173913043478
0.2308	0.23049347826086958
0.303	0.30270434782608696
0.0952	0.09680652173913043
0.3165	0.3168
0.2268	0.22641304347826088
0.2105	0.2092282608695652
0.1864	0.18864347826086958
0.1875	0.18650434782608696
0.1429	0.1429
0.0417	0.045667391304347826
0.4	0.39925652173913045
0.05	0.050593478260869566
0.2128	0.21285434782608695
0.122	0.12204347826086956
0.0667	0.06851521739130434
0.2192	0.21171739130434783
0.1818	0.18129347826086956
0.0	0.004130434782608697
0.125	0.12535217391304349
0.1419	0.14222826086956522
0.1556	0.15529347826086956
0.1774	0.17698913043478262
0.3333	0.3336021739130435
0.0828	0.06477826086956522
0.4407	0.4421065217391304
0.0	0.0
0.2857	0.28613695652173915
0.1809	0.18076739130434782
0.2157	0.21757608695652172
0.2083	0.2073913043478261
0.0	5.065217391304359E-4
0.2232	0.22288695652173915
0.0491	0.05146304347826087
0.125	0.12846521739130434
0.125	0.12445652173913044
0.0726	0.07340434782608694
0.2653	0.2655021739130435
0.12	0.11956521739130434
0.2128	0.21308260869565215
0.625	0.6222826086956522
0.3333	0.33387391304347824
0.1875	0.1891304347826087
0.5429	0.5429
0.2286	0.2286
0.2308	0.22198260869565217
0.1818	0.1824173913043478
0.3167	0.31623043478260865
0.1538	0.1538
0.0258	0.026930434782608696
0.0714	0.07067173913043479
0.0769	0.07659347826086955
0.1818	0.18150434782608693
0.1667	0.1674304347826087
0.4051	0.4161239130434783
0.0309	0.03051304347826087
0.4474	0.44612826086956525
0.0	-0.001128260869565218
0.125	0.12400434782608696
0.7143	0.7143
0.0417	0.045667391304347826
0.5	0.49925652173913043
0.075	0.06712608695652174
0.2979	0.2821565217391305
0.2439	0.24394347826086957
0.0667	0.06851521739130434
0.137	0.13760652173913043
0.4318	0.4312934782608696
0.0	0.004139130434782608
0.0859	0.08625869565217391
0.1554	0.15022173913043477
0.2111	0.21079347826086958
0.0968	0.09659782608695652
0.2222	0.2225021739130435
0.1172	0.11964565217391304
0.2712	0.21846521739130434
0.08	0.08
0.246	0.24018260869565217
0.1064	0.1063282608695652
0.1765	0.1762413043478261
0.4375	0.43657111111111113
0.1373	0.13783111111111113
0.2342	0.23391777777777778
0.1174	0.11645777777777777
0.175	0.1752
0.4375	0.43694444444444447
0.1552	0.1556911111111111
0.3673	0.3675066666666667
0.12	0.11955555555555555
0.1418	0.14221777777777778
0.875	0.8722222222222222
0.4722	0.4727866666666667
0.1875	0.18916666666666668
0.6	0.6
0.9714	0.9714
0.3297	0.3333222222222222
0.2455	0.24606
0.5833	0.58282
0.6923	0.6923
0.0923	0.08650444444444445
0.3636	0.3611733333333333
0.4359	0.4355866666666667
0.3939	0.39359777777777777
0.1429	0.14370444444444444
0.2785	0.2789866666666667
0.0842	0.08366666666666667
0.4211	0.41979999999999995
0.069	0.06786666666666667
0.6875	0.7333
0.7143	0.7143
0.087	0.09044888888888888
0.75	0.74924
0.0288	0.026868888888888887
0.234	0.23405555555555557
0.2439	0.24394444444444446
0.2143	0.21660888888888888
0.0822	0.08281999999999999
0.3864	0.38588222222222224
0.0167	0.02100888888888889
0.1719	0.17231333333333332
0.0357	0.03556444444444445
0.2889	0.28858666666666666
0.2258	0.2258
0.2222	0.2225088888888889
0.131	0.13251555555555555
0.339	0.3404377777777778
0.08	0.08
0.1795	0.17994222222222223
0.1489	0.14882666666666666
0.297	0.29657555555555554
0.4375	0.43657111111111113
0.0534	0.04953111111111111
0.2232	0.2249177777777778
0.1364	0.13545777777777776
0.2	0.20020000000000002
0.1875	0.18694444444444444
0.0556	0.05219111111111111
0.3061	0.30630666666666667
0.24	0.23955555555555555
0.0993	0.09971777777777778
0.875	0.8722222222222222
0.4444	0.4449866666666667
0.375	0.37666666666666665
0.6286	0.6286
0.5429	0.5429
0.3333	0.3333222222222222
0.2091	0.20966
0.5333	0.53282
0.6154	0.6154
0.1311	0.11000444444444445
0.2143	0.17937333333333333
0.2821	0.2817866666666667
0.4848	0.4844977777777778
0.2619	0.26270444444444446
0.3544	0.3548866666666667
0.1649	0.16786666666666666
0.4474	0.4461
0.0508	0.05056666666666667
0.2667	0.2667
0.8571	0.8571
0.2917	0.2643488888888889
0.85	0.84924
0.275	0.2384688888888889
0.234	0.23405555555555557
0.378	0.37804444444444446
0.3333	0.2880088888888889
0.2603	0.26092
0.4091	0.40858222222222224
0.0325	0.02930888888888889
0.0938	0.09421333333333333
0.1757	0.14986444444444444
0.3556	0.3552866666666667
0.2419	0.2419
0.3333	0.3336088888888889
0.1448	0.14631555555555556
0.3559	0.35733777777777775
0.28	0.28
0.3175	0.3081422222222222
0.2234	0.22332666666666665
0.3333	0.32627555555555554
