0.4792	0.4794434782608696
0.0728	0.07586956521739131
0.4375	0.43877826086956523
0.1547	0.15342608695652174
0.175	0.17564130434782607
0.4375	0.43831521739130436
0.2009	0.20076739130434781
0.3061	0.30623913043478257
0.16	0.16185
0.3333	0.33469782608695653
0.75	0.75
0.3056	0.30660217391304345
0.3125	0.3138586956521739
0.8857	0.8857
0.6857	0.6857
0.4505	0.4509804347826087
0.2455	0.2488
0.6167	0.61675
0.7692	0.7692
0.1882	0.1882195652173913
0.0714	0.07801304347826088
0.3333	0.3334304347826087
0.4848	0.48686956521739133
0.28	0.2833021739130435
0.2949	0.2963065217391304
0.0103	0.01119130434782609
0.1579	0.1584717391304348
0.0313	0.03732608695652174
0.3125	0.3128630434782609
0.4286	0.4286
0.125	0.13091521739130435
0.8	0.8003434782608696
0.042	0.038980434782608694
0.5106	0.5112521739130436
0.1341	0.13551086956521738
0.0	0.0026130434782608704
0.2466	0.24947826086956523
0.25	0.25068478260869564
0.0081	0.019806521739130434
0.1016	0.10449565217391305
0.1126	0.11643478260869566
0.4778	0.4802804347826087
0.1613	0.16181739130434783
0.4444	0.44711739130434786
0.1862	0.18991739130434784
0.339	0.3402326086956522
0.04	0.04
0.064	0.06736739130434782
0.0532	0.05521521739130435
0.4466	0.4475717391304348
0.4167	0.4169434782608696
0.0583	0.0613695652173913
0.3393	0.3405782608695652
0.1094	0.10760434782608695
0.2	0.2006413043478261
0.1875	0.18831521739130436
0.2179	0.21796739130434784
0.449	0.4491391304347826
0.2	0.20185
0.0993	0.10079565217391305
0.875	0.875
0.3056	0.30660217391304345
0.3125	0.3138586956521739
0.8857	0.8857
0.8286	0.8286
0.4286	0.42908043478260866
0.1455	0.1488
0.3667	0.36675
0.6923	0.6923
0.0332	0.032676086956521744
0.0	0.006613043478260869
0.3077	0.3078304347826087
0.4545	0.45656956521739134
0.24	0.2370891304347826
0.3205	0.3219065217391304
0.2165	0.21764565217391305
0.4474	0.4479717391304348
0.0313	0.03732608695652174
0.1875	0.18786304347826088
0.7143	0.7143
0.1667	0.17261521739130434
0.8	0.8003434782608696
0.0924	0.09780217391304347
0.2979	0.29855217391304345
0.3171	0.3098304347826087
0.2	0.20261304347826087
0.0822	0.08507826086956521
0.1818	0.18248478260869563
0.0488	0.05276304347826087
0.125	0.12789565217391305
0.2053	0.20372826086956522
0.5444	0.5468804347826087
0.1613	0.16181739130434783
0.2222	0.22491739130434785
0.1862	0.18991739130434784
0.3729	0.3741326086956522
0.08	0.08
0.032	0.03536739130434783
0.2021	0.20411521739130437
0.3786	0.37947608695652174
0.625	0.6252488888888889
0.1893	0.19252444444444444
0.2857	0.2870066666666667
0.2151	0.22021111111111114
0.475	0.47565555555555555
0.5	0.5008333333333334
0.3077	0.3112111111111111
0.5918	0.5919422222222223
0.28	0.28189111111111115
0.2624	0.2638288888888889
0.875	0.875
0.3333	0.3343244444444444
0.375	0.3763888888888889
0.8857	0.8857
1.0	1.0
0.4286	0.4290911111111111
0.2273	0.23067333333333334
0.6833	0.6833511111111111
1.0	1.0
0.2111	0.21438444444444446
0.2143	0.22105999999999998
0.5385	0.5386333333333333
0.5758	0.5779155555555555
0.408	0.41137555555555555
0.3718	0.3732377777777778
0.3608	0.36171111111111115
0.5526	0.5531844444444445
0.0469	0.053059999999999996
0.625	0.6253711111111111
0.7143	0.7143
0.125	0.13104666666666667
0.8	0.8003511111111111
0.0672	0.07254888888888888
0.4468	0.4474666666666666
0.2805	0.28194222222222226
0.3333	0.3359711111111111
0.4247	0.41986666666666667
0.5682	0.5689000000000001
0.0	0.011966666666666665
0.2813	0.28426
0.4333	0.4371466666666667
0.2889	0.29143555555555556
0.2097	0.21022888888888888
0.4444	0.4471777777777778
0.1862	0.19011777777777777
0.5763	0.5777888888888889
0.08	0.08
0.392	0.39544222222222225
0.2447	0.24676
0.4563	0.4571955555555555
0.625	0.6252488888888889
0.1893	0.19252444444444444
0.3393	0.34060666666666667
0.1811	0.18621111111111113
0.525	0.5256555555555555
0.5	0.5008333333333334
0.3162	0.3197111111111111
0.5714	0.5715422222222223
0.32	0.32189111111111113
0.3191	0.32052888888888886
0.875	0.875
0.3056	0.3066244444444444
0.375	0.3763888888888889
0.8857	0.8857
1.0	1.0
0.4286	0.4290911111111111
0.2273	0.23067333333333334
0.6833	0.6833511111111111
1.0	1.0
0.2103	0.21068444444444445
0.2857	0.29246
0.5897	0.5898333333333333
0.5758	0.5779155555555555
0.408	0.41137555555555555
0.3846	0.38603777777777776
0.3608	0.36171111111111115
0.5526	0.5531844444444445
0.1094	0.11556
0.75	0.7503711111111111
0.7143	0.7143
0.1667	0.17274666666666666
0.85	0.8503511111111111
0.0672	0.07254888888888888
0.4468	0.4474666666666666
0.3659	0.36734222222222224
0.4	0.40267111111111115
0.4247	0.41986666666666667
0.5455	0.5462
0.0407	0.05266666666666667
0.2813	0.28426
0.4305	0.4305466666666667
0.2889	0.29143555555555556
0.2097	0.21022888888888888
0.4444	0.4471777777777778
0.2138	0.21771777777777776
0.5932	0.5946888888888888
0.08	0.08
0.36	0.3634422222222222
0.2447	0.24676
0.4757	0.47659555555555555
0.7083	0.7085488888888889
0.2829	0.2341711111111111
0.4865	0.4689511111111111
0.1985	0.16163333333333332
0.675	0.66802
0.8125	0.7700555555555556
0.3333	0.3038688888888889
0.7551	0.7503155555555555
0.16	0.16189111111111112
0.461	0.4468555555555555
0.875	0.875
0.6389	0.6299822222222222
0.4375	0.40186444444444447
0.7714	0.7576
0.8	0.8
0.4725	0.4615577777777778
0.3394	0.3311044444444444
0.8814	0.8793
0.6923	0.6923
0.1697	0.16061999999999999
0.5	0.4685066666666667
0.8205	0.8112666666666666
0.3333	0.3354155555555555
0.304	0.26551777777777774
0.5897	0.5915244444444444
0.4536	0.4380488888888889
0.5	0.5005844444444445
0.125	0.10290222222222221
0.5625	0.5628711111111111
0.8571	0.8571
0.3333	0.30665777777777775
0.7	0.6842
0.6271	0.5708177777777779
0.3191	0.31976666666666664
0.2073	0.20885555555555557
0.4	0.3611511111111111
0.1918	0.19474222222222223
0.5909	0.5917422222222222
0.1385	0.07522222222222222
0.2734	0.25989111111111113
0.2649	0.26414
0.3667	0.35453111111111113
0.7288	0.6883466666666667
0.375	0.3765866666666667
0.25	0.2325222222222222
0.6949	0.6858222222222222
0.24	0.24044444444444443
0.4237	0.41656
0.5714	0.5023155555555555
0.4757	0.4716088888888889
0.75	0.7502488888888889
0.3171	0.27077111111111113
0.4911	0.4689511111111111
0.2176	0.18173333333333333
0.675	0.66802
0.8125	0.7700555555555556
0.146	0.1379688888888889
0.8367	0.8336155555555556
0.2	0.20189111111111113
0.4714	0.4614555555555555
0.875	0.875
0.6111	0.6013822222222222
0.375	0.33516444444444443
0.8857	0.8788
0.7714	0.7714
0.4725	0.4615577777777778
0.4364	0.4246044444444444
0.8667	0.8621
0.7692	0.7692
0.1697	0.16061999999999999
0.5	0.4685066666666667
0.8718	0.8653666666666666
0.3939	0.3960155555555555
0.2353	0.23161777777777778
0.5769	0.5787244444444444
0.5521	0.5444488888888889
0.4211	0.4216844444444444
0.0323	0.038402222222222226
0.4375	0.4378711111111111
0.7143	0.7143
0.4583	0.35665777777777774
0.7895	0.7895
0.514	0.49081777777777774
0.2979	0.29856666666666665
0.378	0.37955555555555553
0.4667	0.4326511111111111
0.3151	0.3180422222222222
0.5227	0.5235422222222222
0.6098	0.20852222222222222
0.2969	0.28389111111111115
0.2185	0.21744
0.4205	0.4227311111111111
0.7742	0.7275466666666667
0.5556	0.5015866666666666
0.2917	0.2753222222222222
0.6949	0.6858222222222222
0.72	0.7204444444444444
0.5122	0.48556
0.5889	0.5279155555555555
0.5588	0.5598088888888888
0.6042	0.6044488888888888
0.1854	0.1844711111111111
0.2857	0.2870066666666667
0.1472	0.15231555555555557
0.35	0.35065555555555555
0.3125	0.31333333333333335
0.2222	0.2257111111111111
0.4286	0.4287422222222222
0.32	0.32189111111111113
0.2429	0.2443511111111111
0.75	0.75
0.3333	0.3343244444444444
0.5	0.5013888888888889
0.8571	0.8571
0.9143	0.9143
0.5165	0.5169911111111111
0.2455	0.24887333333333334
0.7	0.7000511111111111
0.7692	0.7692
0.155	0.15813777777777777
0.2143	0.22105999999999998
0.4359	0.43603333333333333
0.5455	0.5476155555555555
0.416	0.41937555555555556
0.4211	0.4223311111111111
0.0619	0.06281111111111111
0.5526	0.5531844444444445
0.0781	0.08423777777777777
0.5625	0.5628711111111111
0.5714	0.5714
0.125	0.13104666666666667
0.65	0.6503511111111111
0.1176	0.1154088888888889
0.3404	0.34106666666666663
0.2561	0.25754222222222223
0.2	0.20267111111111114
0.411	0.4139422222222222
0.6364	0.6371
0.0081	0.020066666666666663
0.1406	0.14356
0.2583	0.2573177777777778
0.5111	0.5136355555555555
0.1774	0.1779288888888889
0.2222	0.22497777777777778
0.2	0.2038
0.4407	0.44195999999999996
0.48	0.48
0.432	0.4357888888888889
0.266	0.26806
0.5146	0.5106977777777778
0.6667	0.6669488888888888
0.2732	0.27267111111111114
0.2411	0.2424066666666667
0.1208	0.12591555555555556
0.425	0.42565555555555556
0.0	8.333333333333328E-4
0.235	0.2385111111111111
0.3878	0.3879422222222222
0.44	0.4418911111111111
0.1702	0.1657511111111111
0.875	0.875
0.3889	0.38992444444444446
0.4375	0.4388888888888889
0.7714	0.7714
0.8571	0.8571
0.033	0.03349111111111112
0.2545	0.25787333333333334
0.7333	0.7333511111111111
0.6923	0.6923
0.1476	0.15073777777777778
0.2143	0.22105999999999998
0.5641	0.5642333333333334
0.6061	0.6082155555555555
0.0	0.0033755555555555557
0.6282	0.619631111111111
0.0825	0.08341111111111112
0.5	0.5005844444444445
0.0625	0.06863777777777777
0.375	0.3753711111111111
0.5714	0.5714
0.125	0.13104666666666667
0.7	0.700351111111111
0.0847	0.08990888888888889
0.4043	0.40496666666666664
0.2561	0.25754222222222223
0.0	0.002671111111111112
0.3699	0.37284222222222224
0.5909	0.5916
0.0244	0.036366666666666665
0.0703	0.07326
0.3576	0.3573177777777778
0.5	0.5025355555555555
0.1452	0.14572888888888888
0.2222	0.22497777777777778
0.2207	0.2245
0.4237	0.42496
0.24	0.24
0.448	0.4517888888888889
0.3617	0.36376000000000003
0.5049	0.5008977777777778
0.625	0.6252434782608696
0.2476	0.23935217391304348
0.4375	0.43877826086956523
0.2528	0.2520108695652174
0.55	0.5506413043478261
0.4375	0.43831521739130436
0.2564	0.2599108695652174
0.5102	0.5103391304347826
0.36	0.36185
0.3333	0.33469782608695653
0.875	0.875
0.4722	0.4732021739130435
0.5	0.501358695652174
0.9143	0.9143
1.0	1.0
0.5714	0.5718804347826087
0.3364	0.3400086956521739
0.8167	0.81675
0.8462	0.8462
0.1218	0.12486956521739132
0.1429	0.14951304347826086
0.0769	0.0770304347826087
0.4848	0.48686956521739133
0.28	0.2833021739130435
0.5385	0.5399065217391305
0.0412	0.04209130434782609
0.6842	0.6847717391304348
0.0625	0.06852608695652174
0.75	0.7503630434782609
0.7143	0.7143
0.125	0.13091521739130435
0.85	0.8503434782608695
0.084	0.08923260869565218
0.4468	0.4474521739130435
0.4024	0.40402391304347823
0.4667	0.46931304347826086
0.4247	0.42757826086956524
0.4545	0.45518478260869566
0.0163	0.028006521739130433
0.3672	0.37009565217391305
0.2252	0.22903478260869567
0.4778	0.4621413043478261
0.2097	0.21021739130434783
0.4444	0.44711739130434786
0.2828	0.2815521739130435
0.5254	0.5266326086956522
0.64	0.64
0.36	0.3633673913043478
0.4255	0.4275152173913043
0.4854	0.48627608695652175
0.8723	0.8724888888888889
0.2864	0.2790155555555555
0.4643	0.46560666666666667
0.2113	0.2043311111111111
0.45	0.4506555555555556
0.4375	0.43833333333333335
0.2403	0.2438177777777778
0.4898	0.4899422222222222
0.0	0.0018911111111111108
0.2057	0.2071288888888889
0.875	0.875
0.3611	0.3621244444444444
0.25	0.2513888888888889
0.9429	0.9429
1.0	1.0
0.4778	0.47818
0.2182	0.22157333333333334
0.7167	0.7167511111111111
0.9231	0.9231
0.1181	0.09799333333333334
0.3077	0.3137111111111111
0.5641	0.5642333333333334
0.697	0.6793733333333334
0.3145	0.3017066666666667
0.3846	0.38603777777777776
0.1959	0.19704
0.5526	0.5531844444444445
0.0625	0.06866
0.6875	0.6878711111111111
1.0	1.0
0.1667	0.17274666666666666
0.85	0.8503511111111111
0.0924	0.09774888888888889
0.4681	0.46876666666666666
0.5122	0.5138711111111111
0.4667	0.46937111111111113
0.3699	0.37284222222222224
0.5682	0.5689000000000001
0.0163	0.028266666666666662
0.2188	0.22175999999999998
0.4636	0.45310222222222224
0.4889	0.49143555555555557
0.2097	0.21022888888888888
0.4444	0.4471777777777778
0.2431	0.24152444444444446
0.5085	0.50976
0.44	0.44
0.24	0.24354888888888887
0.3617	0.36376000000000003
0.4369	0.4379777777777778
0.875	0.8724888888888889
0.3039	0.3036155555555555
0.4732	0.4745066666666667
0.187	0.18903111111111112
0.475	0.47565555555555555
0.4375	0.43833333333333335
0.265	0.26531777777777776
0.4898	0.4899422222222222
0.08	0.08189111111111111
0.3333	0.33472888888888885
0.875	0.875
0.4167	0.41772444444444445
0.3125	0.3138888888888889
0.9429	0.9429
1.0	1.0
0.5495	0.54478
0.2455	0.24887333333333334
0.75	0.7500511111111111
0.9231	0.9231
0.1747	0.16239333333333333
0.4286	0.39061111111111113
0.3333	0.3334333333333333
0.7097	0.7116733333333334
0.3871	0.3761066666666667
0.4487	0.45013777777777775
0.1546	0.15574
0.5	0.5005844444444445
0.0625	0.06866
0.75	0.7503711111111111
1.0	1.0
0.2083	0.21434666666666669
0.85	0.8503511111111111
0.0924	0.09774888888888889
0.5106	0.5112666666666668
0.5	0.5016711111111111
0.4667	0.46937111111111113
0.4247	0.42764222222222226
0.4545	0.4552
0.0163	0.028266666666666662
0.2656	0.26856
0.4631	0.4599022222222222
0.4889	0.49143555555555557
0.2097	0.21022888888888888
0.3333	0.33607777777777775
0.2828	0.2764244444444444
0.5254	0.52666
0.48	0.48
0.32	0.3235488888888889
0.383	0.38506
0.4272	0.4282777777777778
0.7917	0.7919488888888888
0.3122	0.3154311111111111
0.5676	0.56904
0.1711	0.16040888888888888
0.5	0.5006555555555555
0.4375	0.4390733333333333
0.2661	0.26954666666666666
0.6735	0.6736422222222223
0.48	0.4818911111111111
0.4894	0.47974
0.875	0.875
0.3333	0.3343244444444444
0.1875	0.18888888888888888
0.8857	0.8857
0.9714	0.9714
0.4835	0.4839911111111111
0.287	0.29047555555555554
0.7667	0.7667511111111112
0.9231	0.9231
0.1524	0.14949111111111113
0.2857	0.23652444444444445
0.4615	0.46163333333333334
0.5758	0.5779155555555555
0.424	0.42759777777777774
0.2949	0.29633777777777776
0.5	0.4955555555555555
0.5263	0.5268844444444445
0.1746	0.18166444444444446
0.0625	0.06287111111111111
0.8571	0.8571
0.0833	0.08934666666666667
0.75	0.7503511111111111
0.0756	0.08094888888888889
0.4255	0.42653555555555556
0.5309	0.5326822222222223
0.3333	0.3359711111111111
0.3288	0.3317422222222222
0.7045	0.7052
0.0163	0.028266666666666662
0.3047	0.30766000000000004
0.3444	0.34843999999999997
0.6023	0.6047688888888888
0.2742	0.2747288888888889
0.5556	0.5027777777777778
0.1862	0.19
0.5593	0.5605600000000001
0.16	0.16
0.272	0.27544222222222225
0.3936	0.39566
0.4757	0.4769466666666667
0.8333	0.8335488888888889
0.2864	0.2861311111111111
0.4375	0.43384
0.1623	0.1449088888888889
0.4	0.4006555555555556
0.625	0.6265733333333333
0.265	0.26524666666666663
0.6735	0.6736422222222223
0.44	0.4418911111111111
0.4823	0.47243999999999997
0.875	0.875
0.3333	0.3343244444444444
0.25	0.2513888888888889
0.9429	0.9429
1.0	1.0
0.4835	0.4839911111111111
0.3636	0.35537555555555556
0.7167	0.7167511111111111
1.0	1.0
0.1599	0.1569911111111111
0.3077	0.3134244444444444
0.5128	0.5129333333333334
0.5152	0.5173155555555555
0.4	0.4035977777777778
0.359	0.36043777777777775
0.5	0.4955555555555555
0.5263	0.5268844444444445
0.3281	0.32456444444444443
0.0625	0.06287111111111111
0.8571	0.8571
0.1667	0.17274666666666666
0.75	0.7503511111111111
0.084	0.0893488888888889
0.4468	0.44783555555555554
0.5976	0.5943822222222223
0.3333	0.3359711111111111
0.2603	0.2632422222222222
0.75	0.7507
0.0163	0.028266666666666662
0.1484	0.15136
0.3775	0.38154
0.5556	0.5479688888888888
0.2903	0.2908288888888889
0.5556	0.5027777777777778
0.1241	0.1279
0.5254	0.52666
0.6	0.6
0.232	0.23544222222222225
0.3511	0.35316000000000003
0.5825	0.5837466666666666
0.6875	0.6877488888888889
0.2379	0.2372577777777778
0.4643	0.46560666666666667
0.1736	0.17224666666666666
0.425	0.42565555555555556
0.4375	0.43833333333333335
0.2564	0.25991111111111115
0.6122	0.6123422222222222
0.2	0.20189111111111113
0.2357	0.23700666666666667
0.875	0.875
0.4444	0.4456
0.625	0.6263888888888889
0.9143	0.9143
0.9143	0.9143
0.4286	0.42269111111111113
0.4128	0.4111844444444444
0.85	0.8500511111111111
0.9231	0.9231
0.1439	0.1468488888888889
0.1429	0.15088
0.1795	0.17963333333333334
0.4848	0.48691555555555555
0.3248	0.32158888888888887
0.6447	0.6413733333333334
0.299	0.29262
0.8421	0.8336622222222223
0.1818	0.18884222222222222
0.25	0.2503711111111111
0.7143	0.7143
0.125	0.13104666666666667
0.85	0.8503511111111111
0.084	0.0893488888888889
0.5532	0.543951111111111
0.3293	0.3308822222222222
0.0	0.002671111111111112
0.3611	0.3638222222222222
0.619	0.6196844444444445
0.0163	0.028266666666666662
0.216	0.2186422222222222
0.0	0.003919999999999999
0.4222	0.3974422222222222
0.3871	0.38774
0.4444	0.3761911111111111
0.2	0.20414444444444446
0.4068	0.40806
0.28	0.28
0.4355	0.43424444444444443
0.3511	0.34600444444444445
0.4216	0.42237777777777774
0.6667	0.6669488888888888
0.2732	0.27635777777777776
0.4732	0.4745066666666667
0.1179	0.12284666666666667
0.55	0.5506555555555556
0.3125	0.31333333333333335
0.1966	0.2001111111111111
0.5306	0.5307422222222222
0.2	0.20189111111111113
0.1986	0.19420666666666667
0.875	0.875
0.5833	0.5845
0.0625	0.06388888888888888
0.8571	0.8571
0.9143	0.9143
0.4066	0.40049111111111113
0.2936	0.2907844444444444
0.8167	0.8167511111111111
0.9231	0.9231
0.0886	0.06734888888888889
0.4286	0.43657999999999997
0.4615	0.46163333333333334
0.4848	0.48691555555555555
0.3145	0.26978888888888886
0.6538	0.6413733333333334
0.1237	0.11552
0.5833	0.5836622222222223
0.5313	0.46154222222222224
0.0625	0.06287111111111111
0.7143	0.7143
0.0833	0.08934666666666667
0.8	0.8003511111111111
0.0924	0.09774888888888889
0.3696	0.3700511111111111
0.5	0.5015822222222223
0.2	0.20267111111111114
0.2329	0.22492222222222222
0.75	0.7387844444444445
0.0163	0.028266666666666662
0.3516	0.33864222222222223
0.0	0.003919999999999999
0.3721	0.3742422222222222
0.4032	0.40384
0.125	0.12619111111111112
0.1793	0.18344444444444444
0.4237	0.42496
0.32	0.32
0.328	0.3204444444444444
0.0538	0.055704444444444445
0.4563	0.4517777777777778
0.7917	0.7919488888888888
0.2745	0.2559133333333333
0.4554	0.4567066666666667
0.1641	0.16341777777777777
0.625	0.6161066666666666
0.4375	0.4
0.2735	0.2770866666666667
0.6327	0.6328422222222223
0.24	0.1751311111111111
0.3759	0.36835555555555555
0.875	0.875
0.6111	0.6121244444444445
0.375	0.3763888888888889
0.9429	0.9429
0.8286	0.8286
0.5275	0.5279911111111111
0.1667	0.11987555555555555
0.7	0.7000511111111111
0.8462	0.8462
0.2915	0.2818466666666667
0.0714	0.07816000000000001
0.6154	0.6156533333333333
0.5152	0.5173155555555555
0.448	0.44689555555555555
0.2308	0.2322377777777778
0.1546	0.14672000000000002
0.6842	0.6668444444444444
0.25	0.2580133333333333
0.4375	0.4378711111111111
1.0	1.0
0.0417	0.047746666666666666
0.75	0.7503511111111111
0.1765	0.16012222222222222
0.4894	0.49033333333333334
0.1341	0.12470666666666666
0.2	0.20267111111111114
0.137	0.13994222222222225
0.4091	0.3956733333333333
0.1138	0.08015111111111112
0.4844	0.4486044444444445
0.3974	0.38906444444444443
0.4889	0.49143555555555557
0.2903	0.2908288888888889
0.1111	0.11387777777777779
0.1875	0.19119111111111112
0.2931	0.2944866666666667
0.32	0.32
0.1951	0.19824
0.3404	0.34246
0.5882	0.5807399999999999
0.8333	0.8335488888888889
0.302	0.2913133333333333
0.375	0.3763066666666667
0.2075	0.19801777777777776
0.7692	0.7699066666666666
0.4667	0.4667
0.2735	0.2770866666666667
0.6327	0.6328422222222223
0.2083	0.1751311111111111
0.3022	0.30365555555555557
0.875	0.875
0.4167	0.41772444444444445
0.3125	0.3138888888888889
0.7429	0.7429
0.6857	0.6857
0.4176	0.41809111111111114
0.2381	0.21797555555555556
0.6667	0.6667511111111111
0.7692	0.7692
0.2932	0.2968466666666667
0.1429	0.14966
0.6923	0.6925533333333334
0.2727	0.27481555555555554
0.371	0.37439555555555554
0.2821	0.2835377777777778
0.1031	0.09472
0.7222	0.7223444444444443
0.2656	0.2736133333333333
0.625	0.6253711111111111
0.7143	0.7143
0.0833	0.08934666666666667
0.85	0.8503511111111111
0.0862	0.09112222222222223
0.5957	0.5966333333333333
0.2469	0.24810666666666667
0.2	0.20267111111111114
0.1644	0.16734222222222223
0.4884	0.48877333333333334
0.1008	0.09725111111111112
0.1092	0.11240444444444445
0.42	0.41616444444444445
0.2556	0.25813555555555556
0.2258	0.22632888888888889
0.1111	0.11387777777777779
0.1862	0.18429111111111113
0.4237	0.41518666666666665
0.04	0.04
0.112	0.10074
0.234	0.23606000000000002
0.5446	0.54074
0.5417	0.5419488888888888
0.0388	0.04193777777777778
0.5179	0.5195733333333333
0.0642	0.06924444444444444
0.375	0.3756555555555556
0.1875	0.18833333333333332
0.1752	0.17887777777777777
0.0816	0.08174222222222223
0.28	0.28189111111111115
0.4894	0.4909266666666667
0.75	0.75
0.1667	0.16772444444444443
0.25	0.2513888888888889
0.9429	0.9429
0.8571	0.8571
0.5165	0.5169911111111111
0.1455	0.1489933333333333
0.55	0.5500511111111112
0.7692	0.7692
0.1185	0.12204
0.1429	0.14966
0.3333	0.3334333333333333
0.4545	0.4395955555555556
0.336	0.3395866666666667
0.3718	0.3732377777777778
0.0309	0.03199777777777778
0.5	0.5005844444444445
0.0625	0.06866
0.4375	0.4378711111111111
0.2857	0.2857
0.2917	0.29774666666666666
0.85	0.8503511111111111
0.0924	0.09790222222222222
0.4043	0.40496666666666664
0.378	0.37944222222222224
0.1333	0.13597111111111113
0.2329	0.23584222222222223
0.25	0.2507
0.065	0.07696666666666667
0.1641	0.16706
0.3245	0.3285444444444445
0.5111	0.5136355555555555
0.0161	0.016628888888888887
0.1111	0.11387777777777779
0.2098	0.20827777777777778
0.3559	0.35716
0.08	0.08
0.192	0.19544222222222224
0.2128	0.21486
0.4563	0.4572866666666667
0.5625	0.5627488888888889
0.0485	0.05163777777777778
0.5	0.5016733333333333
0.0528	0.05784444444444445
0.35	0.35065555555555555
0.25	0.25083333333333335
0.235	0.23867777777777777
0.0816	0.08174222222222223
0.32	0.32189111111111113
0.5106	0.5121266666666667
0.875	0.875
0.25	0.25102444444444444
0.1875	0.18888888888888888
0.8571	0.8571
0.8	0.8
0.5385	0.5389911111111111
0.1273	0.13079333333333332
0.6	0.6000511111111111
0.7692	0.7692
0.1587	0.15914
0.1429	0.14966
0.3333	0.3334333333333333
0.4545	0.4395955555555556
0.28	0.2835866666666667
0.3846	0.38603777777777776
0.0103	0.01139777777777778
0.5	0.5005844444444445
0.0	0.00616
0.4375	0.4378711111111111
0.4286	0.4286
0.2083	0.21434666666666669
0.85	0.8503511111111111
0.0924	0.09790222222222222
0.4468	0.4474666666666666
0.4146	0.41604222222222226
0.2	0.20267111111111114
0.1507	0.15364222222222224
0.2727	0.2734
0.0894	0.10136666666666666
0.1484	0.15136
0.3775	0.38154444444444446
0.5111	0.5136355555555555
0.0161	0.016628888888888887
0.1111	0.11387777777777779
0.2552	0.2434777777777778
0.3729	0.37416
0.08	0.08
0.192	0.19544222222222224
0.2021	0.20416
0.5243	0.5252866666666667
0.7708	0.7710488888888889
0.2524	0.25219555555555556
0.5	0.5013066666666667
0.1629	0.11336222222222221
0.525	0.5256555555555555
0.4375	0.43833333333333335
0.3675	0.34856888888888893
0.551	0.5511422222222223
0.0	0.0018911111111111108
0.4929	0.4905555555555556
0.875	0.875
0.4167	0.4182777777777778
0.3125	0.3138888888888889
0.2571	0.2571
0.5143	0.5143
0.4286	0.42269111111111113
0.0636	0.06789333333333333
0.7	0.7000511111111111
0.8462	0.8462
0.137	0.14007555555555556
0.0	0.005866666666666667
0.2308	0.23093333333333335
0.5152	0.5173155555555555
0.424	0.42737555555555556
0.2051	0.20629333333333333
0.0412	0.04211111111111111
0.7895	0.7900844444444445
0.0469	0.053059999999999996
0.25	0.2503711111111111
1.0	1.0
0.0417	0.047746666666666666
0.85	0.8503511111111111
0.1008	0.09840444444444445
0.2979	0.29856666666666665
0.439	0.42629555555555554
0.1333	0.13597111111111113
0.1644	0.16734222222222223
0.0	5.57777777777778E-4
0.1382	0.13574666666666665
0.127	0.12990222222222222
0.1333	0.13739555555555555
0.5444	0.5469355555555555
0.129	0.1295288888888889
0.1111	0.11387777777777779
0.2847	0.28354222222222225
0.339	0.34026
0.08	0.08
0.008	0.011442222222222225
0.3404	0.34246
0.5922	0.5930955555555555
0.7708	0.7710488888888889
0.2476	0.24729555555555557
0.5179	0.5192066666666667
0.2289	0.23026222222222223
0.5	0.5006555555555555
0.5	0.5008333333333334
0.2699	0.2733688888888889
0.6327	0.6328422222222223
0.32	0.32189111111111113
0.5106	0.5049555555555556
0.875	0.875
0.5	0.5015777777777778
0.125	0.12638888888888888
0.4	0.4
0.8	0.8
0.5055	0.5004911111111111
0.4182	0.42249333333333333
0.6833	0.6833511111111111
1.0	1.0
0.0701	0.06977555555555555
0.3571	0.31356666666666666
0.4359	0.43603333333333333
0.5152	0.5173155555555555
0.336	0.3393755555555556
0.2821	0.28329333333333334
0.4639	0.4648111111111111
0.7895	0.7900844444444445
0.0469	0.053059999999999996
0.4375	0.4378711111111111
1.0	1.0
0.125	0.13104666666666667
0.8	0.8003511111111111
0.0847	0.08990444444444444
0.3617	0.36236666666666667
0.5062	0.5012955555555556
0.1333	0.13597111111111113
0.1233	0.12624222222222223
0.75	0.7447577777777777
0.0496	0.06134666666666667
0.3906	0.3839022222222222
0.3841	0.3840955555555556
0.5667	0.5692355555555555
0.2097	0.21022888888888888
0.4444	0.4471777777777778
0.2153	0.2136422222222222
0.5085	0.50976
0.08	0.08
0.12	0.12344222222222222
0.3085	0.31056
0.5146	0.5154955555555555
0.6875	0.6877488888888889
0.13	0.13294222222222224
0.4643	0.46560666666666667
0.2091	0.21404222222222224
0.225	0.22565555555555555
0.5	0.5008333333333334
0.2414	0.2449177777777778
0.5102	0.5103422222222223
0.16	0.16189111111111112
0.4255	0.42700666666666665
0.875	0.875
0.3056	0.3068888888888889
0.375	0.3763888888888889
0.9429	0.9429
1.0	1.0
0.5275	0.5279911111111111
0.156	0.15926222222222222
0.4833	0.4833511111111111
0.7692	0.7692
0.0959	0.09586
0.1429	0.14966
0.3846	0.3847333333333333
0.5625	0.5642822222222222
0.344	0.3477133333333333
0.2692	0.27063777777777775
0.567	0.5682133333333332
0.6053	0.6058844444444444
0.0625	0.06866
0.4375	0.43870444444444445
0.7143	0.7143
0.1739	0.17930666666666667
0.85	0.8503511111111111
0.0513	0.05656444444444444
0.2979	0.29856666666666665
0.2439	0.24534222222222224
0.1333	0.13597111111111113
0.1507	0.15364222222222224
0.4091	0.4099977777777778
0.0244	0.036366666666666665
0.189	0.19193333333333334
0.3557	0.35944888888888893
0.4111	0.4136355555555556
0.2167	0.21739333333333333
0.4444	0.4471777777777778
0.1931	0.19702444444444445
0.4407	0.44195999999999996
0.04	0.04
0.123	0.12608
0.2527	0.25423999999999997
0.3981	0.39899555555555555
0.5208	0.5210488888888889
0.267	0.24794222222222223
0.375	0.3763066666666667
0.1547	0.15324222222222222
0.225	0.22565555555555555
0.4375	0.43833333333333335
0.2436	0.2406177777777778
0.6735	0.6736422222222223
0.12	0.1218911111111111
0.3901	0.39160666666666666
0.875	0.875
0.7222	0.7234888888888888
0.375	0.3763888888888889
0.7429	0.7429
0.9714	0.9714
0.4835	0.4839911111111111
0.3091	0.30606222222222224
0.6667	0.6667511111111111
0.8462	0.8462
0.2148	0.21806
0.1429	0.14966
0.4359	0.43603333333333333
0.5455	0.5330822222222222
0.384	0.38771333333333335
0.2436	0.2450377777777778
0.4845	0.48571333333333333
0.2895	0.2900844444444444
0.1406	0.14676
0.625	0.6262044444444445
0.8571	0.8571
0.2083	0.17930666666666667
0.85	0.8503511111111111
0.2101	0.20186444444444443
0.2979	0.29856666666666665
0.2683	0.2697422222222222
0.2	0.20267111111111114
0.2877	0.29064222222222225
0.6591	0.6599977777777778
0.0081	0.020066666666666663
0.1641	0.16043333333333334
0.3245	0.3191488888888889
0.4778	0.48033555555555557
0.629	0.6173933333333333
0.4444	0.4471777777777778
0.2345	0.23842444444444444
0.5763	0.5775600000000001
0.44	0.44
0.272	0.25717999999999996
0.2979	0.27624
0.534	0.5348955555555556
0.2292	0.22944347826086955
0.0485	0.046954347826086956
0.375	0.3763782608695652
0.0491	0.046617391304347826
0.4	0.40064130434782613
0.1875	0.18831521739130436
0.0427	0.041952173913043476
0.102	0.10213913043478261
0.0	0.0018499999999999996
0.383	0.38005
0.75	0.75
0.25	0.25100217391304347
0.1875	0.18885869565217392
0.8571	0.8571
1.0	1.0
0.4396	0.4401804347826087
0.1545	0.14203260869565218
0.5167	0.51675
0.6923	0.6923
0.0258	0.028869565217391306
0.2143	0.22091304347826085
0.3846	0.3847304347826087
0.4545	0.45656956521739134
0.2	0.2034413043478261
0.2692	0.23022826086956522
0.0	8.91304347826089E-4
0.5526	0.5531717391304347
0.2656	0.2600391304347826
0.3125	0.3128630434782609
0.8571	0.8571
0.0417	0.04761521739130435
0.8	0.8
0.0756	0.081
0.3191	0.31975217391304345
0.2073	0.2088695652173913
0.1333	0.13591304347826086
0.1918	0.18325000000000002
0.5	0.5008913043478261
0.0325	0.044206521739130436
0.1328	0.12875652173913044
0.3046	0.2893
0.3111	0.29765217391304344
0.2097	0.21021739130434783
0.2222	0.22491739130434785
0.1655	0.11343260869565217
0.339	0.3402326086956522
0.0	0.0
0.072	0.06770217391304348
0.3723	0.36746956521739127
0.3107	0.3115760869565217
0.625	0.6252488888888889
0.0597	0.0625288888888889
0.4107	0.4120066666666667
0.0913	0.09281777777777778
0.4	0.4006555555555556
0.25	0.25083333333333335
0.2	0.19939555555555555
0.5918	0.5919422222222223
0.24	0.2418911111111111
0.4255	0.42703555555555556
0.875	0.875
0.4722	0.45779333333333333
0.0	0.00138888888888889
0.8857	0.8857
1.0	1.0
0.3846	0.3850911111111111
0.2636	0.2604266666666667
0.6167	0.6167511111111111
0.6923	0.6923
0.0519	0.05131111111111111
0.3571	0.36385999999999996
0.4103	0.4104333333333333
0.5455	0.53356
0.312	0.3153755555555556
0.4615	0.4629377777777778
0.4536	0.45451111111111114
0.5526	0.5531844444444445
0.1719	0.17806
0.0	3.711111111111122E-4
0.5714	0.5714
0.0417	0.047746666666666666
0.8	0.8003511111111111
0.0756	0.08094888888888889
0.4894	0.49006666666666665
0.1585	0.15994222222222224
0.4	0.40267111111111115
0.2676	0.2700622222222222
0.6136	0.6143000000000001
0.0163	0.028266666666666662
0.1811	0.18441333333333335
0.4172	0.4174688888888889
0.5222	0.5247355555555555
0.2258	0.22632888888888889
0.2222	0.22497777777777778
0.1667	0.17052444444444442
0.4237	0.42496
0.08	0.08
0.36	0.3634422222222222
0.117	0.11906000000000001
0.3786	0.37949555555555553
0.0208	0.021048888888888888
0.2233	0.20682888888888887
0.4018	0.40310666666666667
0.1136	0.11191777777777777
0.4	0.4006555555555556
0.3125	0.31333333333333335
0.2618	0.23509555555555556
0.6122	0.6123422222222222
0.16	0.16189111111111112
0.4468	0.44833555555555554
0.875	0.875
0.4286	0.4292933333333333
0.0625	0.06388888888888888
0.8286	0.8286
1.0	1.0
0.4505	0.4509911111111111
0.1835	0.18702666666666667
0.6	0.6000511111111111
0.6154	0.6154
0.2074	0.2075111111111111
0.1429	0.14966
0.0769	0.07703333333333333
0.5313	0.53356
0.288	0.29137555555555555
0.3333	0.33473777777777775
0.2887	0.28961111111111115
0.5263	0.5268844444444445
0.0156	0.021759999999999998
0.125	0.1253711111111111
0.4286	0.4286
0.1667	0.17274666666666666
0.75	0.7503511111111111
0.0672	0.07254888888888888
0.5106	0.5112666666666668
0.3537	0.35514222222222225
0.4	0.40267111111111115
0.1918	0.17146222222222224
0.1818	0.1825
0.122	0.13396666666666665
0.3281	0.3261133333333333
0.18	0.18416888888888888
0.5333	0.5358355555555555
0.2581	0.2586288888888889
0.1111	0.11387777777777779
0.2483	0.24692444444444445
0.4068	0.40806
0.08	0.08
0.144	0.14744222222222222
0.0532	0.05526
0.4369	0.43779555555555555
0.7292	0.7235155555555556
0.2913	0.28054666666666667
0.3393	0.3221088888888889
0.0954	0.08984
0.3	0.30065555555555556
0.25	0.25083333333333335
0.1595	0.1632311111111111
0.2857	0.2858422222222222
0.12	0.1218911111111111
0.2057	0.20722
0.875	0.875
0.4706	0.47125333333333336
0.375	0.3337222222222222
0.3714	0.3714
0.5143	0.5143
0.0989	0.09939111111111111
0.1818	0.17753333333333335
0.6	0.6000511111111111
0.3077	0.3077
0.0849	0.08811333333333334
0.2143	0.22105999999999998
0.8158	0.8159733333333333
0.3636	0.34578444444444445
0.312	0.31016666666666665
0.2692	0.27063777777777775
0.3918	0.3927111111111111
0.2895	0.2900844444444444
0.0317	0.02167111111111111
0.3125	0.3128711111111111
0.5714	0.5714
0.0833	0.08934666666666667
0.55	0.5503511111111111
0.1092	0.10700888888888889
0.234	0.23493333333333336
0.1605	0.15109555555555554
0.1333	0.13597111111111113
0.137	0.12769111111111112
0.25	0.2507
0.1463	0.12185111111111112
0.3359	0.3232066666666667
0.2649	0.2539622222222222
0.2111	0.21363555555555558
0.1452	0.14572888888888888
0.2222	0.22497777777777778
0.0828	0.0801911111111111
0.5254	0.5270044444444444
0.52	0.5202600000000001
0.176	0.17269333333333334
0.2021	0.20427333333333333
0.3204	0.3213911111111111
0.4894	0.48951555555555554
0.0297	0.03304666666666667
0.4587	0.4597088888888889
0.0534	0.04744
0.55	0.5506555555555556
0.1875	0.18833333333333332
0.3718	0.37013111111111113
0.2449	0.24504222222222222
0.24	0.2418911111111111
0.3191	0.32062
0.875	0.875
0.4722	0.4418533333333333
0.4	0.40042222222222223
0.6857	0.6857
0.6571	0.6571
0.0549	0.05539111111111111
0.055	0.05823333333333334
0.65	0.6500511111111111
0.6154	0.6154
0.0	0.0032133333333333345
0.1429	0.14966
0.7692	0.7633733333333333
0.4688	0.47078444444444445
0.379	0.38266666666666665
0.2949	0.29633777777777776
0.0	9.111111111111132E-4
0.5	0.5005844444444445
0.0476	0.03787111111111111
0.125	0.1253711111111111
0.5714	0.5714
0.0417	0.047746666666666666
0.85	0.8503511111111111
0.0508	0.05610888888888889
0.4468	0.4477333333333333
0.5679	0.5635955555555555
0.3333	0.3359711111111111
0.0833	0.08599111111111112
0.1136	0.11430000000000001
0.0085	0.020151111111111113
0.384	0.3872066666666667
0.1611	0.15936222222222224
0.5333	0.5358355555555555
0.3065	0.3070288888888889
0.0	0.002777777777777778
0.2153	0.2190911111111111
0.6271	0.6287044444444444
0.0	2.599999999999985E-4
0.0161	0.019393333333333332
0.0106	0.012773333333333336
0.5922	0.5931911111111111
0.625	0.6252488888888889
0.0583	0.06143777777777778
0.4107	0.4120066666666667
0.1094	0.11444444444444445
0.525	0.5256555555555555
0.4375	0.4388888888888889
0.2521	0.2556111111111111
0.6122	0.6127577777777777
0.48	0.4602333333333333
0.4752	0.4768
0.875	0.875
0.3056	0.3066244444444444
0.4375	0.4388888888888889
0.8	0.8
0.9714	0.9714
0.1758	0.17629111111111112
0.2909	0.28765555555555555
0.5333	0.5333511111111111
0.6923	0.6923
0.1667	0.16977555555555554
0.3571	0.36385999999999996
0.5128	0.5129333333333334
0.5455	0.5476155555555555
0.312	0.3153755555555556
0.3718	0.3732377777777778
0.0928	0.0937111111111111
0.4474	0.44798444444444446
0.2188	0.2252511111111111
0.25	0.2503711111111111
0.5714	0.5714
0.125	0.13104666666666667
0.85	0.8503511111111111
0.0924	0.09774888888888889
0.5319	0.5325666666666667
0.2683	0.2697422222222222
0.1333	0.13597111111111113
0.3014	0.29486222222222225
0.6364	0.6371
0.0081	0.020244444444444443
0.375	0.3681
0.106	0.10991999999999999
0.3	0.30253555555555556
0.1935	0.1940288888888889
0.4444	0.4471777777777778
0.1597	0.1635288888888889
0.5085	0.50976
0.04	0.04
0.3496	0.35294222222222227
0.1277	0.12976000000000001
0.4466	0.44209777777777776
0.5833	0.5835488888888889
0.0194	0.022537777777777778
0.4375	0.4388066666666667
0.1132	0.11824444444444444
0.4	0.4006555555555556
0.5	0.5013888888888889
0.2479	0.25141111111111114
0.6735	0.6740577777777778
0.48	0.4602333333333333
0.4894	0.491
0.875	0.875
0.3333	0.3343244444444444
0.4375	0.4388888888888889
0.9429	0.9429
0.9714	0.9714
0.0879	0.08839111111111111
0.2202	0.22345555555555557
0.5333	0.5333511111111111
0.6923	0.6923
0.059	0.05867555555555556
0.3571	0.36385999999999996
0.4359	0.43603333333333333
0.5758	0.5779155555555555
0.288	0.29137555555555555
0.3718	0.3732377777777778
0.2474	0.24831111111111112
0.5789	0.5794844444444445
0.2969	0.3033511111111111
0.1875	0.1878711111111111
0.1429	0.1429
0.0833	0.08934666666666667
0.75	0.7503511111111111
0.1008	0.10614888888888889
0.5319	0.5325666666666667
0.1829	0.18434222222222224
0.1333	0.13597111111111113
0.274	0.26706222222222226
0.7045	0.7052
0.0244	0.03654444444444445
0.2302	0.2332
0.0265	0.03042
0.3111	0.31363555555555556
0.1935	0.1940288888888889
0.4444	0.4471777777777778
0.1517	0.1496288888888889
0.4915	0.49276
0.08	0.08
0.288	0.2797422222222222
0.1064	0.10846
0.3689	0.3635977777777778
0.7292	0.7294488888888888
0.233	0.22892666666666667
0.2946	0.29590666666666665
0.1358	0.14098
0.55	0.5506555555555556
0.5	0.5008333333333334
0.2265	0.2300111111111111
0.551	0.5511422222222223
0.64	0.5941355555555555
0.2199	0.2213288888888889
0.875	0.875
0.25	0.25102444444444444
0.375	0.3763888888888889
0.6571	0.6571
0.7143	0.7143
0.1978	0.1982911111111111
0.2182	0.22157333333333334
0.7167	0.7167511111111111
0.6923	0.6923
0.203	0.2062688888888889
0.2857	0.29246
0.4359	0.43603333333333333
0.4848	0.48691555555555555
0.32	0.3233755555555556
0.4231	0.42453777777777774
0.0825	0.08341111111111112
0.5789	0.5794844444444445
0.0781	0.08426
0.4375	0.4378711111111111
0.2857	0.2857
0.0833	0.08934666666666667
0.75	0.7503511111111111
0.0924	0.09774888888888889
0.5106	0.5112666666666668
0.3415	0.34294222222222226
0.2667	0.2693711111111111
0.4795	0.47516
0.5682	0.5689000000000001
0.0	0.011966666666666665
0.3254	0.32822666666666667
0.3046	0.30851999999999996
0.4556	0.4581355555555556
0.1452	0.14572888888888888
0.2222	0.22497777777777778
0.2345	0.23316666666666666
0.6441	0.64536
0.24	0.24
0.424	0.42756
0.2979	0.29996
0.5534	0.5542955555555555
0.7292	0.7294488888888888
0.1845	0.17992666666666665
0.2857	0.2870066666666667
0.1472	0.15238
0.55	0.5506555555555556
0.5	0.5008333333333334
0.2308	0.2343111111111111
0.5918	0.5919422222222223
0.64	0.5941355555555555
0.2199	0.2213288888888889
0.875	0.875
0.3056	0.3066244444444444
0.375	0.3763888888888889
0.6571	0.6571
0.7143	0.7143
0.3956	0.3960911111111111
0.2273	0.23067333333333334
0.7167	0.7167511111111111
0.6923	0.6923
0.2066	0.20986888888888888
0.2143	0.22105999999999998
0.4359	0.43603333333333333
0.4545	0.45661555555555555
0.336	0.3393755555555556
0.4487	0.45013777777777775
0.0722	0.07311111111111111
0.5789	0.5794844444444445
0.0781	0.08426
0.4375	0.4378711111111111
0.2857	0.2857
0.0833	0.08934666666666667
0.75	0.7503511111111111
0.1008	0.10614888888888889
0.5106	0.5112666666666668
0.3415	0.34294222222222226
0.2667	0.2693711111111111
0.4795	0.47516
0.5682	0.5689000000000001
0.0	0.011966666666666665
0.2813	0.27262666666666663
0.3113	0.31522
0.4556	0.4581355555555556
0.1452	0.14572888888888888
0.2222	0.22497777777777778
0.2361	0.24006666666666668
0.6271	0.62836
0.28	0.28
0.424	0.42756
0.2766	0.27866
0.5437	0.5445955555555555
0.587	0.58738
0.0296	0.03268666666666667
0.4234	0.4028111111111111
0.1357	0.13711333333333334
0.35	0.35065555555555555
0.3125	0.31333333333333335
0.2237	0.22684666666666667
0.6667	0.6667
0.16	0.16189111111111112
0.0956	0.09688222222222223
0.75	0.75
0.3333	0.3343244444444444
0.1875	0.18888888888888888
0.9429	0.9429
1.0	1.0
0.4889	0.4894288888888889
0.1852	0.18864
0.7333	0.7333511111111111
1.0	1.0
0.1978	0.19791777777777778
0.1429	0.14966
0.0769	0.07703333333333333
0.5152	0.5173155555555555
0.2581	0.26135555555555556
0.3462	0.34739333333333333
0.1158	0.11645777777777777
0.4474	0.44798444444444446
0.2031	0.19667333333333334
0.25	0.25120444444444445
0.7143	0.7143
0.0476	0.05179777777777778
0.8	0.8005844444444445
0.0855	0.09120666666666667
0.4043	0.40496666666666664
0.2073	0.20874222222222225
0.1538	0.15566666666666665
0.3836	0.38654222222222223
0.5227	0.5234000000000001
0.0265	0.03760666666666666
0.1811	0.18392666666666668
0.1258	0.12972
0.3778	0.36598444444444445
0.2097	0.21022888888888888
0.2222	0.22497777777777778
0.0694	0.07321111111111112
0.3898	0.39105999999999996
0.08	0.08
0.3952	0.3985622222222222
0.3626	0.3644955555555555
0.2718	0.2726955555555555
0.9375	0.93518
0.267	0.25928666666666667
0.3486	0.3373111111111111
0.1736	0.15271333333333334
0.425	0.42565555555555556
0.25	0.25083333333333335
0.2906	0.27504666666666666
0.6939	0.6875
0.28	0.28189111111111115
0.3617	0.33948222222222224
0.875	0.875
0.7222	0.7232244444444444
0.25	0.2513888888888889
0.8857	0.8857
1.0	1.0
0.5934	0.5894288888888889
0.3455	0.33674
0.65	0.6500511111111111
1.0	1.0
0.2214	0.21281777777777777
0.2857	0.29246
0.5641	0.5642333333333334
0.5152	0.5173155555555555
0.216	0.21295555555555556
0.5769	0.5780933333333333
0.433	0.42175777777777773
0.3947	0.39528444444444444
0.1587	0.16487333333333334
0.4375	0.43870444444444445
1.0	1.0
0.3333	0.24229777777777778
0.9	0.9005844444444445
0.2101	0.20230666666666666
0.3617	0.36236666666666667
0.2317	0.23314222222222222
0.4667	0.3864666666666667
0.3836	0.38654222222222223
0.6136	0.6143000000000001
0.1951	0.13500666666666666
0.1797	0.17602666666666666
0.2583	0.26221999999999995
0.5114	0.5137844444444444
0.2903	0.2908288888888889
0.4444	0.4471777777777778
0.1655	0.16351111111111113
0.5763	0.5775600000000001
0.72	0.72
0.464	0.4630622222222222
0.5106	0.49639555555555553
0.2524	0.25329555555555555
0.5	0.5002488888888889
0.068	0.07113777777777779
0.2857	0.2870066666666667
0.0981	0.10335555555555556
0.45	0.4506555555555556
0.4375	0.43833333333333335
0.2179	0.22148222222222225
0.5918	0.5919422222222223
0.36	0.33462888888888886
0.1986	0.2000288888888889
0.625	0.625
0.1667	0.16772444444444443
0.6875	0.6685
0.6286	0.6286
0.5714	0.5714
0.3626	0.3630911111111111
0.2	0.20337333333333335
0.6333	0.6333511111111111
0.6154	0.6154
0.2325	0.23282444444444444
0.2143	0.22105999999999998
0.3846	0.3847333333333333
0.5152	0.5173155555555555
0.312	0.3153755555555556
0.3974	0.39883777777777774
0.0722	0.07311111111111111
0.4737	0.47428444444444445
0.0469	0.053059999999999996
0.3125	0.3128711111111111
0.2857	0.2857
0.2083	0.17930666666666667
0.8	0.8003511111111111
0.084	0.07344222222222221
0.383	0.38366666666666666
0.2073	0.20874222222222225
0.2	0.20267111111111114
0.4247	0.41948
0.4091	0.4098
0.0	0.011966666666666665
0.1719	0.16822666666666666
0.1589	0.16282000000000002
0.4111	0.41376
0.1452	0.14572888888888888
0.2222	0.22497777777777778
0.1655	0.16941333333333333
0.5085	0.50976
0.76	0.76
0.456	0.45922
0.2447	0.24676
0.3398	0.34069555555555553
0.625	0.6252488888888889
0.1893	0.19243777777777776
0.2857	0.2870066666666667
0.2151	0.22035555555555558
0.475	0.47565555555555555
0.5	0.5008333333333334
0.3077	0.3112822222222222
0.5918	0.5919422222222223
0.2917	0.2930288888888889
0.2624	0.2638288888888889
0.75	0.75
0.3333	0.3343244444444444
0.4	0.40180000000000005
0.7714	0.7714
0.8857	0.8857
0.4286	0.4290911111111111
0.2273	0.23067333333333334
0.6667	0.6667511111111111
1.0	1.0
0.2111	0.21432444444444446
0.2143	0.22105999999999998
0.5385	0.5386333333333333
0.5758	0.5779155555555555
0.408	0.41137555555555555
0.3718	0.3732377777777778
0.3711	0.3720111111111111
0.5263	0.5268844444444445
0.0781	0.08426
0.4375	0.4378711111111111
0.7143	0.7143
0.1739	0.17930666666666667
0.8	0.8003511111111111
0.0684	0.07344222222222221
0.383	0.38366666666666666
0.3293	0.3307422222222222
0.3333	0.3359711111111111
0.25	0.25278
0.6136	0.6143000000000001
0.0081	0.020066666666666663
0.2677	0.27052666666666664
0.4305	0.43442
0.2889	0.29156
0.2097	0.21022888888888888
0.3333	0.33607777777777775
0.2345	0.2384133333333333
0.4915	0.49276
0.08	0.08
0.248	0.25122
0.1702	0.17226
0.4272	0.42809555555555556
0.7292	0.7294488888888888
0.2476	0.25097777777777774
0.4643	0.46569333333333335
0.0528	0.05799555555555556
0.425	0.42565555555555556
0.4375	0.43833333333333335
0.2821	0.27625555555555553
0.5714	0.5715422222222223
0.2	0.20189111111111113
0.4113	0.4041444444444444
1.0	1.0
0.4722	0.47322444444444445
0.0	0.00138888888888889
0.7429	0.7429
0.7714	0.7714
0.3956	0.3960911111111111
0.1091	0.11262
0.8	0.8000511111111112
0.7692	0.7692
0.0	0.003211111111111113
0.0	0.0067599999999999995
0.0256	0.025733333333333334
0.5758	0.5503911111111112
0.368	0.37137555555555557
0.2564	0.2578377777777778
0.3299	0.33099333333333336
0.6579	0.6584844444444445
0.0	0.00616
0.25	0.2503711111111111
0.7143	0.7143
0.1667	0.17274666666666666
0.8	0.8003511111111111
0.0504	0.05574888888888889
0.5106	0.5112666666666668
0.5244	0.5076088888888889
0.3333	0.3359711111111111
0.0959	0.09884222222222222
0.2045	0.2052
0.0081	0.020066666666666663
0.3594	0.3624644444444444
0.1722	0.17612
0.5556	0.5581355555555555
0.1935	0.1940288888888889
0.0	0.002777777777777778
0.1319	0.13560666666666665
0.5424	0.54366
0.04	0.04
0.0	0.003442222222222225
0.3404	0.34246
0.5049	0.5057955555555556
0.6667	0.6669488888888888
0.3204	0.3237777777777778
0.5268	0.5281933333333334
0.1547	0.15989555555555557
0.525	0.5256555555555555
0.4375	0.43833333333333335
0.2857	0.28925555555555554
0.6122	0.6123422222222222
0.24	0.2418911111111111
0.2374	0.23864444444444444
1.0	1.0
0.4722	0.47322444444444445
0.375	0.3763888888888889
0.7714	0.7714
0.9429	0.9429
0.4176	0.41809111111111114
0.3091	0.31262
0.8	0.8000511111111112
0.8462	0.8462
0.1292	0.13241111111111112
0.1429	0.14966
0.2308	0.23093333333333335
0.5806	0.5825911111111112
0.384	0.3873755555555556
0.6154	0.6168377777777777
0.1959	0.19699333333333333
0.6053	0.6058844444444444
0.0938	0.09996
0.1875	0.1878711111111111
0.4286	0.4286
0.125	0.13104666666666667
0.8	0.8003511111111111
0.0672	0.07254888888888888
0.5532	0.5538666666666667
0.2152	0.2165088888888889
0.2667	0.2693711111111111
0.3973	0.4002422222222222
0.5682	0.5689000000000001
0.0163	0.028266666666666662
0.3203	0.3233644444444444
0.2517	0.25561999999999996
0.5333	0.5358355555555555
0.2419	0.2424288888888889
0.2222	0.22497777777777778
0.2828	0.2815066666666667
0.5593	0.5605600000000001
0.28	0.28
0.44	0.44344222222222224
0.4149	0.41696
0.4466	0.44749555555555554
0.4375	0.4377488888888889
0.0485	0.051715555555555556
0.2054	0.20670666666666668
0.117	0.12204444444444446
0.45	0.4506555555555556
0.25	0.25083333333333335
0.235	0.23865999999999998
0.0	1.4222222222222137E-4
0.4	0.40189111111111114
0.2766	0.2780288888888889
0.625	0.625
0.1667	0.16772444444444443
0.375	0.3763888888888889
0.6	0.6
0.6	0.6
0.2637	0.2641911111111111
0.2273	0.23067333333333334
0.5	0.5000511111111111
0.5385	0.5385
0.107	0.10376222222222223
0.0714	0.07816000000000001
0.4103	0.4104333333333333
0.1818	0.18391555555555555
0.336	0.3393755555555556
0.3846	0.38603777777777776
0.0515	0.05241111111111111
0.4211	0.4216844444444444
0.0781	0.08426
0.25	0.2503711111111111
0.1429	0.1429
0.1667	0.17274666666666666
0.65	0.6503511111111111
0.1176	0.12294888888888889
0.587	0.56894
0.4634	0.45824666666666664
0.0	0.002671111111111112
0.2192	0.22214222222222224
0.4545	0.4552
0.0163	0.028266666666666662
0.1719	0.17486
0.2185	0.22242
0.1889	0.19143555555555558
0.0323	0.03282888888888889
0.2222	0.22497777777777778
0.1931	0.19701333333333332
0.2712	0.27246
0.24	0.24
0.392	0.39044666666666666
0.2447	0.24676
0.4272	0.42249777777777775
0.4583	0.4585488888888889
0.0534	0.05661555555555556
0.2589	0.2602066666666667
0.1245	0.12954444444444443
0.45	0.4506555555555556
0.3125	0.31333333333333335
0.2479	0.25156
0.0	1.4222222222222137E-4
0.32	0.32189111111111113
0.2979	0.29932888888888887
0.75	0.75
0.25	0.25102444444444444
0.375	0.3763888888888889
0.6286	0.6286
0.6	0.6
0.2857	0.2861911111111111
0.2364	0.23977333333333334
0.5167	0.5167511111111112
0.5385	0.5385
0.1107	0.10746222222222222
0.0714	0.07816000000000001
0.4359	0.43603333333333333
0.1818	0.18391555555555555
0.344	0.34737555555555555
0.3846	0.38603777777777776
0.0515	0.05241111111111111
0.4737	0.47428444444444445
0.0781	0.08426
0.25	0.2503711111111111
0.1429	0.1429
0.125	0.13104666666666667
0.65	0.6503511111111111
0.1092	0.1145488888888889
0.5957	0.56894
0.4512	0.44584666666666667
0.0	0.002671111111111112
0.2466	0.24954222222222225
0.4091	0.4098
0.0163	0.028266666666666662
0.1953	0.19826
0.2252	0.22912000000000002
0.2222	0.22473555555555558
0.0161	0.016628888888888887
0.2222	0.22497777777777778
0.2069	0.21081333333333332
0.2373	0.23856000000000002
0.24	0.24
0.3952	0.39854666666666666
0.2447	0.24676
0.466	0.46169777777777776
0.7708	0.7710488888888889
0.2621	0.2652377777777778
0.5536	0.5507155555555555
0.1434	0.1385511111111111
0.625	0.6256555555555555
0.4375	0.43833333333333335
0.2991	0.2996822222222222
0.4082	0.4083422222222222
0.36	0.33462888888888886
0.2979	0.29932888888888887
0.875	0.875
0.4167	0.41772444444444445
0.375	0.3763888888888889
0.8571	0.8571
0.9714	0.9714
0.2637	0.2641911111111111
0.2455	0.23504222222222224
0.9	0.9002066666666667
0.9231	0.9231
0.1667	0.1699311111111111
0.2857	0.29246
0.1538	0.15393333333333334
0.5152	0.5173155555555555
0.392	0.39550222222222225
0.5128	0.5143777777777778
0.1443	0.14534000000000002
0.7632	0.7637844444444445
0.0156	0.021759999999999998
0.0625	0.06287111111111111
0.8571	0.8571
0.125	0.13104666666666667
0.8	0.8003511111111111
0.1513	0.15664888888888887
0.5106	0.5112666666666668
0.1707	0.17214222222222222
0.4	0.40267111111111115
0.4384	0.3900266666666667
0.3864	0.3871
0.0	0.011966666666666665
0.2813	0.28426
0.3113	0.31522
0.5111	0.5137755555555555
0.4677	0.4682288888888889
0.3333	0.33607777777777775
0.2207	0.21912888888888887
0.5254	0.52666
0.52	0.52
0.392	0.39544222222222225
0.4894	0.4859488888888889
0.5437	0.5445955555555555
0.5625	0.5627488888888889
0.1117	0.11483777777777777
0.4144	0.41561555555555557
0.2167	0.2186511111111111
0.475	0.47565555555555555
0.375	0.37583333333333335
0.2275	0.23108222222222222
0.449	0.4491422222222222
0.4167	0.4180288888888889
0.3333	0.33472888888888885
0.875	0.875
0.3333	0.3343244444444444
0.625	0.6263888888888889
0.8571	0.8571
1.0	1.0
0.5165	0.5169911111111111
0.3611	0.3646422222222222
0.7	0.7002066666666666
0.7692	0.7692
0.2177	0.2180311111111111
0.1429	0.14966
0.3077	0.3078333333333333
0.5152	0.5173155555555555
0.408	0.4115022222222222
0.4615	0.4630777777777778
0.0515	0.05254
0.7632	0.7637844444444445
0.1094	0.11556
0.6875	0.6878711111111111
0.7143	0.7143
0.1667	0.17274666666666666
0.85	0.8503511111111111
0.1176	0.12294888888888889
0.4255	0.42616666666666664
0.2439	0.24534222222222224
0.4	0.40267111111111115
0.4478	0.44972666666666666
0.5909	0.5916
0.0081	0.020066666666666663
0.1484	0.15136
0.2185	0.22242
0.4667	0.46937555555555555
0.1774	0.1779288888888889
0.3333	0.33607777777777775
0.2708	0.27462888888888887
0.4068	0.40806
0.36	0.36
0.464	0.46744222222222226
0.3548	0.3568488888888889
0.3883	0.3891955555555555
0.5208	0.5210434782608696
0.0728	0.07586956521739131
0.4464	0.44767826086956525
0.1472	0.15220652173913043
0.225	0.2256413043478261
0.3125	0.31331521739130436
0.2692	0.27263478260869567
0.2653	0.26543913043478257
0.24	0.24184999999999998
0.4681	0.46965869565217394
0.875	0.875
0.2778	0.27880217391304346
0.1875	0.18885869565217392
0.9429	0.9429
0.9714	0.9714
0.4505	0.4509804347826087
0.2273	0.2233717391304348
0.45	0.45005
0.6923	0.6923
0.0664	0.06961521739130434
0.1429	0.14951304347826086
0.4615	0.46163043478260873
0.5455	0.5475695652173913
0.208	0.21130217391304346
0.3462	0.3476065217391304
0.2062	0.20709130434782608
0.5263	0.5268717391304347
0.0156	0.02162608695652174
0.3125	0.3128630434782609
0.5714	0.5714
0.0833	0.08921521739130435
0.75	0.7503434782608696
0.0756	0.08083260869565217
0.4255	0.4261521739130435
0.3415	0.34291086956521744
0.2	0.20354565217391304
0.1507	0.15357826086956522
0.6136	0.6144565217391305
0.0407	0.052406521739130435
0.1953	0.19819565217391305
0.3046	0.3086478260869565
0.3444	0.33182608695652177
0.2097	0.21021739130434783
0.2222	0.22491739130434785
0.1241	0.12781739130434783
0.4068	0.40803260869565217
0.16	0.16
0.176	0.1793673913043478
0.2872	0.28921521739130435
0.3495	0.3503760869565217
0.5	0.5002434782608696
0.0388	0.041947826086956526
0.1875	0.18877826086956523
0.1623	0.14418478260869566
0.325	0.3256413043478261
0.3125	0.31331521739130436
0.2094	0.20589565217391304
0.5714	0.5715391304347827
0.24	0.24184999999999998
0.2695	0.27089782608695656
0.875	0.875
0.3333	0.33430217391304345
0.1875	0.18885869565217392
0.9429	0.9429
1.0	1.0
0.4176	0.4180804347826087
0.1545	0.15795217391304348
0.6167	0.61675
0.8462	0.8462
0.1033	0.10642826086956522
0.2857	0.29326956521739134
0.3333	0.3334304347826087
0.3333	0.3353695652173913
0.24	0.2370891304347826
0.5	0.5014065217391305
0.433	0.4338913043478261
0.3421	0.3426717391304348
0.2813	0.27562173913043475
0.1875	0.18786304347826088
0.1429	0.1429
0.0417	0.04761521739130435
0.65	0.6503434782608696
0.0756	0.07288695652173913
0.4043	0.4049521739130435
0.2073	0.2087108695652174
0.0667	0.06931304347826087
0.3836	0.3687326086956522
0.3182	0.3188847826086956
0.0081	0.011582608695652174
0.1641	0.16709782608695653
0.2185	0.22233478260869566
0.2444	0.2468804347826087
0.2097	0.21032608695652175
0.3333	0.3360173913043478
0.131	0.10978695652173913
0.4576	0.4588326086956522
0.0	0.0
0.44	0.4433673913043478
0.234	0.23616739130434783
0.301	0.2948282608695652
0.7708	0.7710760869565217
0.0	0.003069565217391305
0.2321	0.23337826086956523
0.0755	0.08043478260869565
0.225	0.20530434782608695
0.25	0.25081521739130436
0.1026	0.10205652173913043
0.4694	0.46953913043478257
0.16	0.16185
0.2837	0.28509782608695655
0.75	0.75
0.4444	0.4454021739130435
0.1875	0.18885869565217392
0.6	0.6
0.2286	0.2286
0.2857	0.2781065217391304
0.2273	0.2306
0.5833	0.5833869565217392
0.2308	0.2308
0.0554	0.0584695652173913
0.0714	0.07801304347826088
0.359	0.3591304347826087
0.1818	0.18386956521739128
0.288	0.26114130434782606
0.5128	0.5077717391304347
0.0309	0.03179130434782609
0.4474	0.4479717391304348
0.2188	0.14308695652173914
0.375	0.3753630434782609
0.7143	0.7143
0.0417	0.04761521739130435
0.6	0.6003434782608695
0.1008	0.10603260869565218
0.4681	0.45709782608695654
0.3293	0.3307108695652174
0.0667	0.06931304347826087
0.1644	0.1672782608695652
0.5455	0.5461847826086956
0.0081	0.019806521739130434
0.2109	0.2141304347826087
0.2384	0.18155217391304349
0.1556	0.1580804347826087
0.129	0.12951739130434783
0.2222	0.22491739130434785
0.2069	0.20528695652173912
0.3559	0.3093195652173913
0.24	0.24
0.344	0.3474717391304348
0.117	0.11901521739130436
0.3786	0.37324347826086957
0.6458	0.6460488888888889
0.2647	0.26774888888888887
0.5135	0.5146955555555555
0.2235	0.22559777777777779
0.35	0.35065555555555555
0.625	0.6258333333333334
0.2759	0.27938888888888885
0.6122	0.6123422222222222
0.24	0.2418911111111111
0.1986	0.20013777777777778
0.875	0.875
0.5556	0.5566244444444445
0.3125	0.3138888888888889
0.8286	0.8286
1.0	1.0
0.5824	0.5783733333333333
0.3273	0.3307911111111111
0.7	0.7000511111111111
0.8462	0.8462
0.1846	0.17430222222222222
0.4545	0.4581355555555556
0.5128	0.5129333333333334
0.5152	0.5173155555555555
0.296	0.29937555555555556
0.4103	0.4118777777777778
0.1053	0.1063
0.6842	0.6847844444444445
0.127	0.13288222222222223
0.75	0.7333
0.8571	0.8571
0.1739	0.17939555555555556
0.85	0.8503511111111111
0.0583	0.06348000000000001
0.3617	0.36236666666666667
0.378	0.37944222222222224
0.2857	0.2887311111111111
0.1233	0.12624222222222223
0.6136	0.6143000000000001
0.025	0.037042222222222226
0.2188	0.22175999999999998
0.0355	0.03888222222222222
0.4889	0.49143555555555557
0.2742	0.27487333333333336
0.2222	0.22497777777777778
0.2138	0.21783555555555553
0.4407	0.44195999999999996
0.08	0.08
0.2348	0.2381777777777778
0.2021	0.20416
0.5196	0.5204088888888888
0.4375	0.4377488888888889
0.0583	0.05204888888888889
0.4554	0.4516955555555556
0.2614	0.26369777777777775
0.275	0.2756555555555556
0.25	0.25083333333333335
0.0726	0.06818888888888888
0.5306	0.5307422222222222
0.32	0.32189111111111113
0.0993	0.10083777777777778
0.875	0.875
0.6111	0.6121244444444445
0.375	0.3763888888888889
0.7714	0.7714
0.7143	0.7143
0.6	0.6005733333333333
0.3364	0.3398911111111111
0.6833	0.6833511111111111
0.6154	0.6154
0.1873	0.1547022222222222
0.4286	0.27633555555555556
0.3333	0.3334333333333333
0.5152	0.5173155555555555
0.432	0.43537555555555557
0.5128	0.5143777777777778
0.3814	0.3694
0.5789	0.5794844444444445
0.0938	0.08528222222222222
0.3333	0.3333
0.8571	0.8571
0.2917	0.26639555555555555
0.85	0.8503511111111111
0.4118	0.32558000000000004
0.3404	0.34106666666666663
0.5	0.5014422222222222
0.4667	0.4316311111111111
0.3836	0.38654222222222223
0.5	0.5007
0.0813	0.07034222222222222
0.0938	0.09676
0.2914	0.24448222222222224
0.5556	0.5581355555555555
0.3065	0.30717333333333335
0.3333	0.33607777777777775
0.2621	0.26613555555555557
0.3559	0.35716
0.4	0.4
0.504	0.46427777777777773
0.3085	0.31056
0.5825	0.5792088888888889
