0.2917	0.2917
0.0437	0.0437
0.25	0.25
0.0906	0.0913
0.125	0.125
0.375	0.375
0.1154	0.1159
0.1837	0.1837
0.08	0.08
0.234	0.234
0.75	0.75
0.1944	0.1944
0.1875	0.1875
0.7143	0.7024426950683029
0.5714	0.5714
0.2967	0.2967
0.1636	0.1636
0.45	0.45
0.6154	0.6154
0.1181	0.11636033885447242
0.0714	0.0714
0.1538	0.1538
0.3939	0.38869284475474714
0.1667	0.1667
0.2025	0.2025
0.0103	0.0103
0.1579	0.1579
0.0339	0.0339
0.3125	0.3749802881181414
0.4286	0.4286
0.125	0.13394482565467022
0.5	0.5
0.025	0.0252
0.2979	0.2979
0.0854	0.0854
0.0	0.0
0.1507	0.1507
0.1818	0.1818
0.0	0.0
0.0859	0.0859
0.0743	0.0743
0.2444	0.2444
0.1613	0.1613
0.3333	0.3384474019210739
0.0966	0.0966
0.322	0.322
0.0	0.0
0.0476	0.0476
0.0426	0.0426
0.3137	0.3130260604262892
0.3958	0.39588755252861907
0.0534	0.0534
0.1964	0.1964
0.0642	0.0646
0.1	0.1
0.1875	0.18035410369090865
0.1239	0.1202
0.2449	0.2449
0.12	0.12
0.0922	0.0922
0.875	0.8645116736168292
0.2778	0.27142588045303045
0.125	0.125
0.6	0.6
0.5714	0.5714
0.2747	0.2747762299232761
0.0909	0.0909
0.2667	0.2667
0.6154	0.6154
0.0221	0.0185
0.0	0.0
0.2821	0.2821
0.3333	0.3278833129413578
0.0873	0.088
0.2152	0.2152
0.1959	0.20215024245802424
0.3947	0.3947
0.0	0.0
0.125	0.125
0.5714	0.5714
0.125	0.12459676517303862
0.75	0.75
0.025	0.025
0.2553	0.2553
0.2439	0.2359075700765824
0.2	0.2
0.0548	0.0548
0.0455	0.0455
0.0244	0.0164
0.125	0.125
0.1216	0.1224
0.3333	0.3333
0.0968	0.0968
0.1111	0.1111
0.1034	0.1034
0.339	0.339
0.04	0.04
0.0159	0.0159
0.1809	0.1809
0.2451	0.2451
0.5208	0.5208
0.1117	0.1117
0.2054	0.2054
0.1321	0.1321
0.325	0.325
0.25	0.25
0.1667	0.1667
0.449	0.449
0.24	0.24
0.1702	0.1702
0.875	0.875
0.25	0.25
0.25	0.25
0.6286	0.6286
0.9714	0.9714
0.2967	0.2967
0.1364	0.1364
0.5667	0.5667
0.7692	0.7692
0.1444	0.1444
0.2143	0.2143
0.4359	0.4359
0.5455	0.5455
0.2778	0.2778
0.2532	0.2532
0.2577	0.2577
0.4474	0.4474
0.0169	0.0169
0.3125	0.3125
0.5714	0.5714
0.125	0.125
0.75	0.75
0.05	0.05
0.2128	0.2128
0.2073	0.2073
0.1333	0.1333
0.2466	0.25
0.4318	0.4318
0.0	0.0
0.1875	0.1875
0.2857	0.2857
0.2	0.2
0.1935	0.1935
0.3333	0.3333
0.1241	0.1241
0.5085	0.5085
0.04	0.04
0.2698	0.2698
0.2021	0.2021
0.3039	0.3039
0.5208	0.5208
0.1117	0.1117
0.25	0.25
0.1321	0.1321
0.275	0.275
0.25	0.25
0.1709	0.1709
0.4286	0.4286
0.24	0.24
0.1986	0.1986
0.875	0.875
0.2778	0.2778
0.3125	0.3125
0.6286	0.6286
0.9714	0.9714
0.2967	0.2967
0.1364	0.1364
0.5667	0.5667
0.7692	0.7692
0.1255	0.1259
0.1429	0.1429
0.4872	0.4872
0.5455	0.5455
0.254	0.254
0.2532	0.2532
0.2577	0.2577
0.4474	0.4474
0.0678	0.0678
0.625	0.625
0.5714	0.5714
0.125	0.125
0.8	0.8
0.05	0.05
0.2128	0.2128
0.3049	0.3049
0.1333	0.1333
0.2466	0.25
0.3182	0.3182
0.0244	0.0244
0.1875	0.1875
0.2703	0.2721
0.2	0.2
0.1935	0.1935
0.3333	0.3333
0.1172	0.1172
0.5085	0.5085
0.04	0.04
0.254	0.254
0.2021	0.2021
0.3039	0.3039
0.6042	0.6042
0.1707	0.129326475339183
0.3063	0.31332844702791496
0.145	0.11459203361300217
0.575	0.5542929807259397
0.625	0.6772099613361832
0.1752	0.17696991206005344
0.6327	0.654790311292587
0.08	0.08
0.3121	0.30695272760070796
0.875	0.7265145832414067
0.5278	0.5099781334036116
0.375	0.3768653200636006
0.6857	0.6708274032002766
0.7143	0.7143
0.3956	0.4042699216170918
0.2844	0.30992008779205404
0.661	0.6724
0.6154	0.5263635721350854
0.0996	0.09073861606138481
0.2143	0.256953564904034
0.5641	0.5541320439933171
0.303	0.303
0.2381	0.22231074993867586
0.4051	0.4069798150655175
0.2577	0.2545889652843569
0.3947	0.39253364720244854
0.0508	0.0526
0.5	0.5028624192059096
0.5714	0.5714
0.1905	0.273874695863747
0.65	0.6842
0.3613	0.3853611927547876
0.2553	0.2800143993417444
0.1341	0.1341
0.2	0.1699074841204087
0.1233	0.1233
0.4318	0.4300404760950588
0.0923	0.08127707048169051
0.1875	0.19968979339021298
0.1351	0.1293
0.2333	0.23904703652826104
0.6102	0.5470384754722274
0.375	0.375
0.1667	0.16709742026876284
0.4915	0.45906162506591014
0.24	0.26644726280301817
0.1933	0.1966
0.2967	0.3122060087202826
0.3039	0.30693182341600156
0.625	0.625
0.1854	0.15841745400868254
0.3214	0.3255143970431471
0.1412	0.12026397095527842
0.6	0.5883764168150433
0.625	0.6770883035785766
0.0929	0.0942
0.7347	0.7456405339893636
0.12	0.12
0.3143	0.30713470495697853
0.875	0.7814860858754902
0.6111	0.593886580574455
0.375	0.3638427109974424
0.8571	0.8059880294772586
0.7429	0.7429
0.4176	0.4201755805947078
0.3364	0.35263920451017905
0.6333	0.6480382214270153
0.6923	0.556593506588047
0.0996	0.08876877890119843
0.2857	0.32362731770626096
0.5897	0.5866841673814079
0.3333	0.3333
0.2083	0.2017
0.3544	0.3509302650915466
0.3333	0.3404
0.3684	0.37754391627092077
0.0175	0.0175
0.4375	0.46023813023666027
0.7143	0.6303397481587077
0.2917	0.2946464267608594
0.7895	0.7794058400808098
0.4037	0.40597706984288134
0.1915	0.1915
0.2561	0.2562611404621586
0.3333	0.2961002630443557
0.2192	0.2192
0.3636	0.35962958551691276
0.3252	0.23354786449730727
0.2031	0.21317154020187215
0.1622	0.1565
0.2727	0.27218012133577124
0.5484	0.5276991564392859
0.5556	0.5
0.2014	0.20385247356658762
0.5254	0.49293412113567464
0.72	0.72
0.2903	0.3077
0.3222	0.312880223773807
0.3267	0.3284645995508165
0.4792	0.4792
0.0976	0.09787251608866254
0.1964	0.1964
0.0868	0.0868
0.225	0.225
0.25	0.25
0.1239	0.1239
0.3469	0.3469
0.16	0.16
0.1429	0.1429
0.75	0.75
0.1944	0.1944
0.25	0.25
0.6571	0.6571
0.7429	0.7429
0.2857	0.2857
0.1727	0.1727
0.5	0.5
0.6154	0.6154
0.0812	0.0812
0.2143	0.2143
0.359	0.359
0.4848	0.4848
0.2619	0.2619
0.2727	0.2727
0.0412	0.0412
0.4474	0.4474
0.0508	0.0508
0.3125	0.3125
0.5714	0.5804046494281452
0.0833	0.0833
0.65	0.65
0.0583	0.0588
0.1277	0.1277
0.2073	0.2073
0.1333	0.1333
0.2055	0.2055
0.4545	0.4545
0.0081	0.0081
0.1094	0.1094
0.1824	0.1837
0.3	0.3
0.0968	0.0968
0.2222	0.2222
0.1379	0.1379
0.339	0.339
0.36	0.3567493578477761
0.2857	0.2857
0.1915	0.19186681222707425
0.2843	0.2871
0.5	0.5
0.1415	0.1422
0.2143	0.21496043011434823
0.0717	0.0717
0.275	0.275
0.0	0.0
0.1282	0.1282
0.3265	0.3265
0.24	0.24
0.0922	0.0929
0.875	0.875
0.3056	0.3056
0.3125	0.3125
0.6	0.6
0.7714	0.7714
0.022	0.022
0.1727	0.1727
0.5167	0.5167
0.6154	0.6154
0.0923	0.0923
0.2143	0.2143
0.4103	0.4103
0.4242	0.4242
0.0	0.0
0.3924	0.4026
0.0825	0.0825
0.3947	0.3947
0.0339	0.0339
0.3125	0.31241516696491883
0.5714	0.5781496062992125
0.0833	0.0833
0.6	0.6
0.0672	0.0672
0.1702	0.1702
0.1951	0.1951
0.0	0.0
0.2329	0.2329
0.3864	0.3864
0.0081	0.0081
0.0469	0.0469
0.2095	0.2109
0.3333	0.3333
0.129	0.129
0.2222	0.2222
0.1241	0.1241
0.339	0.339
0.16	0.16
0.3016	0.3016
0.234	0.23409814148793948
0.3137	0.3168
0.5417	0.5417
0.1068	0.1084
0.2679	0.2679
0.1208	0.1217
0.325	0.325
0.3125	0.3125
0.141	0.141
0.3265	0.3265
0.16	0.16
0.1773	0.1773
0.875	0.875
0.3611	0.3630206119048111
0.3125	0.3125
0.6857	0.6857
1.0	1.0
0.3077	0.3077
0.2182	0.2182
0.6167	0.6167
0.6923	0.6923
0.0849	0.0849
0.0714	0.0714
0.0769	0.0769
0.3333	0.3333
0.1587	0.1587
0.3797	0.3797
0.0309	0.0309
0.5	0.5
0.0169	0.0169
0.625	0.625
0.4286	0.4286
0.0833	0.0833
0.8	0.8
0.0583	0.0583
0.2553	0.2553
0.2317	0.23107510529084876
0.2	0.2
0.274	0.2751322876032668
0.2273	0.2273
0.0163	0.016505546192413737
0.2422	0.2422
0.1081	0.1081
0.2889	0.2989
0.1452	0.1452
0.2222	0.2222
0.131	0.1319
0.4576	0.4576
0.36	0.36
0.2619	0.2619
0.2553	0.2553
0.2941	0.2941
0.7021	0.7021
0.165	0.1675
0.2054	0.2054
0.1245	0.12362720792122907
0.4	0.400315053657576
0.25	0.25
0.1373	0.1373
0.3469	0.3469
0.0	0.0
0.1206	0.1206
0.875	0.875
0.3333	0.3344831410825199
0.25	0.25037481259370314
0.6286	0.6286
0.9429	0.9429
0.2667	0.2667
0.1273	0.1273
0.5667	0.5664729564541998
0.6923	0.6923
0.0332	0.0341
0.2308	0.24705641861711286
0.4615	0.4571432849906616
0.6061	0.6452
0.208	0.2131
0.2785	0.2785
0.1443	0.14703953299292072
0.3947	0.3947
0.0508	0.0508
0.625	0.625
0.8571	0.8571
0.0833	0.0833
0.85	0.85
0.0583	0.0583
0.2553	0.2553
0.378	0.378
0.2	0.2
0.1781	0.17803155036028043
0.4545	0.4545
0.0163	0.017744558171026846
0.1563	0.1563
0.2973	0.3056
0.3	0.3
0.2097	0.2097
0.3333	0.34341380620044626
0.1111	0.1119
0.4576	0.45239047229757345
0.44	0.4481523616904732
0.1349	0.1349
0.2447	0.2447
0.2941	0.2941
0.75	0.766
0.1667	0.16300108055165521
0.2054	0.2054
0.1183	0.11901089037206788
0.35	0.3506691747445057
0.25	0.25
0.1624	0.1631
0.3469	0.3469
0.0	0.0
0.2128	0.2128
0.875	0.875
0.3333	0.33365347631581693
0.25	0.25037481259370314
0.6	0.6
0.9714	0.9714
0.2747	0.2778
0.1455	0.1455
0.6	0.6
0.6923	0.6923
0.0743	0.0758
0.3571	0.3728144156451712
0.2308	0.2308
0.5806	0.5806
0.24	0.2459
0.2911	0.2911
0.1237	0.1237
0.4211	0.4211
0.0169	0.0169
0.6875	0.680618975139523
0.8571	0.8571
0.125	0.125
0.8	0.8
0.0583	0.0583
0.2553	0.2553
0.3171	0.3171
0.2	0.2
0.274	0.274
0.3864	0.3864
0.0163	0.0163
0.1719	0.17240563501451772
0.3014	0.3056
0.3	0.3
0.2097	0.20986234479656907
0.3333	0.33367519069039697
0.1586	0.15549832682628195
0.4746	0.4746
0.44	0.4473414703759045
0.2143	0.2143
0.2447	0.2447
0.2745	0.2745
0.5833	0.5833
0.1512	0.1512
0.2613	0.2613
0.0875	0.08304196747539928
0.25	0.25
0.25	0.25
0.1545	0.1545
0.4286	0.4286
0.32	0.32
0.2908	0.2971
0.875	0.875
0.3333	0.3340399556048835
0.125	0.125
0.6	0.6
0.8	0.8
0.2857	0.2857
0.2037	0.2037
0.5667	0.5667
0.7692	0.7692
0.0781	0.07878987762202992
0.2143	0.2308
0.3333	0.3333
0.4848	0.4848
0.2381	0.2381
0.2152	0.2152
0.3125	0.3158
0.3684	0.3684
0.1034	0.10415271008361274
0.0625	0.0625
0.7143	0.7143
0.0833	0.0833
0.55	0.55
0.05	0.05
0.2553	0.2553
0.358	0.358
0.1333	0.1333
0.137	0.137
0.5455	0.5455
0.0163	0.01644827215178523
0.2188	0.2188
0.2635	0.2635
0.3295	0.3295
0.2419	0.2419
0.5556	0.48075024679170786
0.0759	0.0759
0.5254	0.5254
0.12	0.12
0.1825	0.1825
0.2021	0.2021
0.3039	0.3039
0.5833	0.5833
0.1214	0.122
0.2232	0.2252
0.0868	0.08179096045440282
0.275	0.275
0.1875	0.1875
0.1624	0.1631
0.3469	0.3469
0.28	0.2863383431275678
0.2837	0.2899
0.875	0.875
0.25	0.25
0.25	0.25
0.5714	0.5714
0.9714	0.9714
0.2527	0.2527
0.2636	0.2685
0.55	0.55
0.7692	0.7692
0.1004	0.09520405719695144
0.3077	0.30889404310374835
0.4103	0.4102253654028466
0.4242	0.4242
0.2222	0.2222
0.2152	0.2152
0.2604	0.2632
0.3421	0.3421
0.1695	0.17635502976790038
0.0	0.0
0.7143	0.7143
0.125	0.12935006861952067
0.55	0.55
0.05	0.05
0.234	0.234
0.3659	0.3704
0.2	0.2
0.1096	0.1096
0.5682	0.5682
0.0163	0.01673965792744274
0.1016	0.1016
0.2432	0.2432
0.3556	0.3517892957351993
0.2903	0.29022648998371403
0.5556	0.4879830051099502
0.0759	0.0759
0.4915	0.4915
0.32	0.31119903810896316
0.1508	0.1508
0.2234	0.2234
0.3235	0.3235
0.5833	0.5820547872817045
0.1456	0.1467185702306897
0.2054	0.2054
0.1094	0.1065
0.375	0.375
0.3125	0.3125
0.1453	0.1453
0.3265	0.3265
0.2	0.2
0.15	0.15
0.875	0.849015317286652
0.4444	0.44316410528987715
0.3125	0.31197609540682764
0.6286	0.6286
0.9143	0.9143
0.2198	0.2222
0.2661	0.2617380333614305
0.65	0.65
0.8462	0.8462
0.0985	0.0985
0.0714	0.0714
0.0769	0.0769
0.303	0.303
0.1949	0.1966
0.4416	0.4416
0.2062	0.2079498138701227
0.5526	0.5833
0.0833	0.0833
0.0625	0.0625
0.5714	0.5714
0.0833	0.0833
0.7	0.7
0.0583	0.0583
0.2979	0.3043
0.2195	0.2195
0.0	0.0
0.2778	0.2778
0.3571	0.3571
0.0081	0.0081
0.16	0.16
0.0	0.0
0.2778	0.2923238151218909
0.3548	0.35507054296707996
0.3333	0.38066100398534686
0.0966	0.0966
0.3729	0.3729
0.2	0.19812593046676594
0.264	0.25869462430437473
0.2234	0.2258
0.2871	0.2871
0.5	0.5
0.1463	0.14666533411119906
0.2411	0.2411
0.0532	0.0532
0.35	0.34713811451928167
0.25	0.25
0.1282	0.1282
0.3469	0.3469
0.12	0.12
0.1348	0.1286
0.875	0.875
0.4444	0.4394250305255191
0.0625	0.0625
0.4571	0.4571
0.9143	0.9143
0.1978	0.1889
0.2294	0.23700125424405052
0.6833	0.6833
0.8462	0.8393870544279509
0.048	0.0379
0.1429	0.1429
0.3333	0.3333
0.3636	0.3636
0.152	0.1282
0.4557	0.4524876178990578
0.0619	0.0625
0.5556	0.5556
0.322	0.3657681788477519
0.0625	0.0625
0.7143	0.7136533626649907
0.0417	0.0417
0.65	0.65
0.0583	0.0583
0.1957	0.1957
0.3293	0.3293
0.2	0.2
0.137	0.125
0.5227	0.5408033241693977
0.0081	0.0081
0.2813	0.2743293560125243
0.0	0.0
0.2558	0.2558
0.2903	0.2941414589807005
0.125	0.125
0.0897	0.0897
0.3729	0.3729
0.2	0.20915232372610928
0.1825	0.1855
0.0323	0.0323
0.2647	0.2673
0.625	0.625
0.152	0.14257806126896078
0.25	0.25
0.1145	0.11192768183285264
0.525	0.5020218182603136
0.375	0.3861707438841738
0.1496	0.14976574305392087
0.4694	0.4694
0.12	0.1304
0.2624	0.26590315794722424
0.875	0.875
0.5	0.5
0.3125	0.3125
0.6286	0.6286
0.6571	0.6571
0.2857	0.2857
0.1204	0.11827314770955882
0.45	0.45
0.6923	0.5940559002754667
0.1587	0.1617
0.0	0.0
0.5641	0.5641
0.5152	0.5152
0.2778	0.2737189795836712
0.1519	0.1519
0.1443	0.14234856486796785
0.5	0.5278
0.1379	0.16724093125110445
0.375	0.3797536757255759
0.8571	0.8571
0.0417	0.0417
0.65	0.65
0.15	0.16599596294464422
0.2766	0.2766
0.0732	0.0741
0.0667	0.0667
0.0959	0.0959
0.3182	0.3023
0.065	0.08081848281013038
0.2656	0.2772025128138302
0.2838	0.2897
0.2667	0.2667
0.2581	0.25879185578487623
0.0	0.0
0.1181	0.1181
0.2586	0.2586
0.28	0.2991696369899839
0.1048	0.1048
0.1915	0.1915
0.3564	0.3636
0.7083	0.7083
0.1832	0.1837277007973578
0.2768	0.2832884057388342
0.1245	0.12116553611514118
0.5897	0.5897
0.4	0.3999236842877689
0.1496	0.14976574305392087
0.5102	0.5102
0.2083	0.19327694223765401
0.223	0.22453509970505092
0.875	0.8529317010309279
0.3611	0.3636201386450553
0.25	0.30467401199108524
0.7143	0.7143
0.6286	0.6286
0.2527	0.2527
0.1238	0.1275
0.4833	0.4833
0.4615	0.4615
0.1654	0.1654
0.0714	0.0714
0.6667	0.6667
0.2727	0.2727
0.232	0.232
0.2278	0.2278
0.0722	0.0625
0.5556	0.5556
0.1695	0.19439631100560367
0.5625	0.5495887112953923
0.2857	0.2857
0.0417	0.0417
0.75	0.743639657520847
0.0598	0.0598
0.3404	0.33574470140858675
0.1111	0.1111
0.0667	0.0667
0.0685	0.0685
0.3721	0.3721
0.0672	0.07728138077945604
0.1008	0.1008
0.2925	0.2963802036751264
0.1667	0.1667
0.2258	0.2258
0.0	0.0
0.1034	0.1042
0.322	0.3103
0.04	0.04
0.0952	0.09935783619738911
0.1596	0.1598525361125323
0.39	0.391057779447846
0.4583	0.4583
0.0243	0.0243
0.2411	0.2411
0.0226	0.0226
0.25	0.25
0.1875	0.18652627630644752
0.1068	0.1068
0.0612	0.0612
0.2	0.2
0.2979	0.2979
0.75	0.75
0.1111	0.1111
0.125	0.125
0.6571	0.6571
0.8	0.7619709277469003
0.3407	0.3407
0.0818	0.0818
0.4333	0.4333
0.7692	0.7666060325439871
0.0519	0.0519
0.1429	0.1429
0.2564	0.2564
0.3333	0.3438
0.1984	0.1984
0.2785	0.2785
0.0103	0.0103
0.4211	0.4211
0.0339	0.0339
0.125	0.125
0.2857	0.2857
0.1667	0.1693527187978483
0.8	0.8
0.0583	0.0583
0.2128	0.2128
0.2683	0.27051810811648375
0.0667	0.0667
0.0822	0.0822
0.1818	0.1818
0.0407	0.040816291527272
0.1172	0.1172
0.2365	0.2365
0.2889	0.2889
0.0161	0.0161
0.1111	0.1111
0.1119	0.11278330673176228
0.322	0.322
0.0	0.0
0.1111	0.1111
0.1596	0.1596
0.3039	0.3039
0.4583	0.4583
0.0388	0.0388
0.25	0.25
0.0189	0.0189
0.225	0.225
0.25	0.25
0.1282	0.1282
0.0612	0.0612
0.2	0.2
0.2979	0.2979
0.875	0.8613114843345945
0.1111	0.1111
0.1875	0.1875
0.6857	0.6857
0.7429	0.7053695812505121
0.3297	0.3297
0.0455	0.0455
0.4667	0.4667
0.7692	0.7723136593591905
0.0959	0.097211558404379
0.0714	0.0714
0.2564	0.2564
0.3333	0.3438
0.1825	0.1825
0.2785	0.2785
0.0	0.0
0.3684	0.3684
0.0	0.0
0.125	0.125
0.2857	0.2857
0.125	0.12608983630489734
0.8	0.8
0.0667	0.0667
0.1915	0.1915
0.3171	0.32074878099805276
0.1333	0.1333
0.0411	0.0411
0.2045	0.2045
0.0488	0.04951446349791477
0.0938	0.0938
0.2568	0.2568
0.3111	0.3111
0.0161	0.0161
0.1111	0.1111
0.1034	0.1056
0.3051	0.3051
0.0	0.0
0.1111	0.1111
0.1383	0.1383
0.3431	0.3431
0.5208	0.5208
0.1456	0.14164988402917633
0.2321	0.2321
0.1098	0.07442461098193526
0.45	0.4492559144034005
0.25	0.25
0.2094	0.20166394916583127
0.4082	0.4082
0.0	0.0
0.3214	0.3237
0.875	0.875
0.3056	0.3056
0.25	0.25
0.0857	0.0857
0.4571	0.4571
0.2308	0.2333
0.0091	0.0091
0.5833	0.5833
0.5385	0.5385
0.0519	0.0519
0.0	0.0
0.2308	0.2308
0.4242	0.4242
0.246	0.246
0.1519	0.1519
0.0309	0.0309
0.4474	0.4474
0.0	0.0
0.25	0.25
0.7143	0.7143
0.0417	0.0417
0.85	0.8436080988366215
0.0583	0.0588
0.1915	0.1915
0.3537	0.35511576602625883
0.1333	0.1352984214260376
0.0411	0.0411
0.0	0.0
0.0976	0.10706685911238358
0.0952	0.0952
0.068	0.068
0.3222	0.3222
0.1129	0.1129
0.0	0.0
0.1597	0.15777461713512514
0.339	0.339
0.08	0.08
0.0	0.0
0.2128	0.2128
0.3333	0.3333
0.5	0.5
0.1262	0.12206906375228078
0.2768	0.2768
0.1446	0.14275678119590895
0.3	0.3
0.1875	0.1875
0.1327	0.1327
0.4082	0.4082
0.2	0.2
0.2979	0.3022
0.875	0.875
0.4167	0.4167
0.0625	0.0625
0.4	0.4
0.6571	0.6571
0.2747	0.2662878601329721
0.3455	0.3455
0.5833	0.5833
0.6923	0.6923
0.0443	0.0407
0.2857	0.3087500639894544
0.2564	0.2564
0.4848	0.4848
0.1667	0.1667
0.2025	0.2025
0.2887	0.2887
0.4474	0.4474
0.0169	0.0169
0.25	0.25
0.8571	0.8571
0.0833	0.0833
0.6	0.6
0.0504	0.0504
0.1915	0.1915
0.3704	0.375
0.1333	0.1333
0.0685	0.0685
0.6136	0.6279
0.0248	0.0248
0.2578	0.26303565182861244
0.2297	0.2313
0.3222	0.3222
0.1935	0.19927613106730885
0.4444	0.4444
0.0903	0.0909
0.4746	0.4746
0.08	0.08
0.0556	0.0556
0.1809	0.1809
0.2843	0.2843
0.5	0.5
0.115	0.115
0.2232	0.2232
0.1103	0.1103
0.125	0.125
0.1875	0.1875
0.1293	0.1293
0.3265	0.3265
0.12	0.12
0.227	0.227
0.875	0.875
0.2778	0.2778
0.3125	0.3125
0.6286	0.6286
0.9143	0.9143
0.2967	0.2967
0.1193	0.1193
0.4167	0.4167
0.6154	0.6154
0.059	0.0593
0.1429	0.1429
0.3333	0.3333
0.5313	0.5313
0.2381	0.2381
0.2278	0.2278
0.3299	0.3299
0.5263	0.5263
0.0508	0.05096369240021048
0.4375	0.4375
0.5714	0.5714
0.1304	0.1304
0.75	0.75
0.0424	0.0424
0.2128	0.2128
0.1951	0.1951
0.0667	0.0667
0.1233	0.1233
0.25	0.25
0.0081	0.0081
0.1339	0.1339
0.2534	0.2534
0.2333	0.2333
0.2167	0.2167
0.3333	0.3011801556666455
0.1103	0.11034635743118365
0.4068	0.4068
0.04	0.04
0.065	0.065
0.2198	0.2198
0.2451	0.2451
0.4792	0.4795277047784728
0.1408	0.13557448533508182
0.2321	0.2321
0.1094	0.10790202976310993
0.2	0.2
0.3125	0.3125
0.141	0.1422
0.3673	0.3673
0.04	0.04
0.2482	0.2467200672726834
0.875	0.8616306791090526
0.5833	0.5833
0.3125	0.32079772079772084
0.6286	0.6254708385387802
0.8571	0.8571
0.2747	0.2747
0.1727	0.1741460416883043
0.6	0.6
0.8462	0.8040522686259344
0.0815	0.0815
0.1429	0.1429
0.359	0.359
0.3939	0.3728484944407075
0.2302	0.23177376803577715
0.1266	0.1266
0.2887	0.2887
0.2895	0.2895
0.1186	0.11979206748280614
0.5	0.4814704716607214
0.4286	0.4286
0.1667	0.16366520382805474
0.8	0.8
0.1333	0.12863612647004724
0.2128	0.2128
0.1341	0.1341
0.1333	0.1333
0.1918	0.20315086742850377
0.4773	0.47637447953239503
0.0	0.0
0.1328	0.126
0.1757	0.19053812548184587
0.2889	0.2889
0.4516	0.4421468493111397
0.3333	0.32411850014945365
0.0897	0.0897
0.4407	0.4379006957267827
0.36	0.39942430265231993
0.1905	0.17907797767421696
0.1915	0.20150230594913157
0.3235	0.3225185892478321
0.1875	0.1875
0.0388	0.04222171021759257
0.1696	0.1696
0.0189	0.0152
0.375	0.38240551446583965
0.1875	0.1875
0.0299	0.03
0.102	0.102
0.0	0.0
0.1631	0.1643
0.75	0.624280659874675
0.1667	0.1667
0.125	0.125
0.6571	0.6461617641236785
0.8571	0.8571
0.2088	0.2088
0.0727	0.06297228310661947
0.5167	0.5010913874427151
0.6923	0.6923
0.0111	0.0111
0.1429	0.27019362474914654
0.3077	0.32208249529192706
0.4242	0.4242
0.1508	0.1508
0.1266	0.0933
0.0	0.0
0.3421	0.3421
0.1695	0.18955998267951232
0.3125	0.33740720472723856
0.7143	0.7143
0.0417	0.0417
0.7	0.6331788044836251
0.05	0.05
0.2128	0.2132221379833207
0.1098	0.1098
0.1333	0.225759467780481
0.137	0.1389
0.3636	0.3586660828102954
0.0081	0.0081
0.125	0.1181
0.1486	0.15205292115703434
0.1333	0.125
0.1774	0.17582408823074674
0.2222	0.23513254156769595
0.0897	0.0515
0.339	0.339
0.0	0.0
0.0397	0.04
0.2447	0.23840584829022096
0.2059	0.2059
0.5208	0.5208
0.0448	0.0448
0.1964	0.1964
0.0418	0.0382
0.25	0.25
0.1875	0.1875
0.0889	0.0893
0.3878	0.3878
0.16	0.16
0.234	0.234
0.875	0.875
0.3611	0.34362505977082963
0.0	0.0
0.6	0.6
0.8857	0.8857
0.2418	0.2418
0.1818	0.1835
0.55	0.55
0.6154	0.6003697981723752
0.0259	0.0223
0.2143	0.21485709382783288
0.3333	0.3333
0.5152	0.5029815601969359
0.1587	0.1587
0.3544	0.35368394674827824
0.299	0.299
0.3947	0.3944947155751585
0.1356	0.1356
0.0	0.0
0.5714	0.5801958955223881
0.0417	0.0417
0.75	0.75
0.0417	0.0417
0.2766	0.2766
0.122	0.122
0.2	0.2
0.1831	0.1831
0.4773	0.4819755948930605
0.0163	0.0163
0.1429	0.1429
0.2838	0.2857
0.2556	0.2556
0.2097	0.2097
0.2222	0.2222
0.0694	0.0694
0.4237	0.4237
0.08	0.08
0.2063	0.20631101825394868
0.0851	0.0851
0.2353	0.2353
0.0	0.0
0.1262	0.12874928458183396
0.2054	0.2054
0.072	0.0654707049130302
0.25	0.25
0.25	0.25
0.1502	0.1398264846404251
0.3673	0.3673
0.12	0.12
0.2695	0.26906265027224097
0.875	0.875
0.3429	0.3429
0.0	0.0
0.5714	0.5714
0.9429	0.9429
0.2308	0.2308
0.1193	0.1193
0.5667	0.5667
0.4615	0.4615
0.1222	0.12462764515603897
0.1429	0.1429
0.0769	0.0769
0.4375	0.4368198055994018
0.1587	0.1587
0.2405	0.2405
0.1546	0.1546
0.3684	0.3684
0.0169	0.0169
0.0625	0.0625
0.2857	0.2857
0.125	0.1328015016424214
0.75	0.75
0.0333	0.0333
0.234	0.234
0.2805	0.2805
0.3333	0.3333
0.0822	0.0845
0.1364	0.1364
0.0976	0.10344817724903663
0.2422	0.24169475446767297
0.0748	0.0748
0.3444	0.34534883435311575
0.2258	0.2258
0.0	0.0
0.1448	0.14728126134217537
0.3729	0.3729
0.08	0.08
0.0873	0.0873
0.0426	0.0426
0.2745	0.2745
0.625	0.6296531746689122
0.1796	0.17176316227833913
0.25	0.255801972410455
0.0725	0.07350276267288285
0.275	0.31806780652982736
0.125	0.125
0.1207	0.1240594501547704
0.2245	0.2245
0.12	0.1311978938130759
0.1489	0.1489
0.875	0.875
0.4706	0.4857024383511969
0.375	0.41594037833019704
0.3143	0.3143
0.4	0.4
0.0879	0.0879
0.1545	0.15815398516206974
0.4833	0.4833
0.3077	0.3077
0.0037	0.0037
0.2143	0.24699164985293132
0.6842	0.6842
0.3333	0.3125
0.246	0.2502124961635897
0.1772	0.1772
0.268	0.2660807791308128
0.2105	0.2105
0.0	0.0
0.3125	0.34158020750199525
0.4286	0.4286
0.0833	0.10418221958204403
0.55	0.55
0.0917	0.10474838915776277
0.1915	0.1915
0.1111	0.1125
0.1333	0.13616664697891442
0.0274	0.0278
0.25	0.25
0.1301	0.11854598893184473
0.2422	0.23255902060834838
0.2027	0.1994587490784539
0.1667	0.1667
0.1452	0.16903261801407052
0.1111	0.1111
0.0552	0.0486
0.4068	0.40142946344944475
0.48	0.48
0.1032	0.104
0.1915	0.22250245216611708
0.2451	0.2451
0.4681	0.4681
0.0248	0.0248
0.2385	0.2385
0.0305	0.0232
0.375	0.37009946556612083
0.1875	0.1875
0.2094	0.2112
0.1429	0.1429
0.12	0.12
0.2057	0.2039247931612961
0.875	0.875
0.3611	0.3486889828211409
0.2667	0.2667
0.5143	0.5143
0.4857	0.4857
0.033	0.033
0.0	0.0
0.4667	0.4667
0.6154	0.6154
0.0	0.0
0.1429	0.1429
0.5385	0.5226852099271926
0.375	0.375
0.224	0.224
0.2405	0.2405
0.0	0.0
0.4737	0.4754974182042824
0.0	0.0
0.0625	0.0625
0.5714	0.4790214828399268
0.0417	0.0417
0.55	0.55
0.0252	0.0252
0.2553	0.2553
0.3457	0.3416298550462211
0.3333	0.3401091563962463
0.0139	0.0139
0.0909	0.0909
0.0085	0.013086420210538798
0.304	0.304
0.1448	0.15185727192519158
0.3222	0.3222
0.2258	0.22392362124814058
0.0	0.0
0.125	0.125
0.4915	0.4900017939029723
0.0	0.0
0.008	0.008
0.0106	0.0106
0.3431	0.3431
0.5	0.5
0.0437	0.0437
0.2589	0.2589
0.0679	0.0679
0.3	0.3
0.375	0.3715358263759257
0.1368	0.1368
0.3878	0.3878
0.36	0.365966484225994
0.305	0.305
0.875	0.875
0.25	0.25
0.4375	0.4375
0.7143	0.7143
0.9429	0.9159224660082704
0.1319	0.1319
0.2	0.202770075519732
0.4833	0.4833
0.6923	0.6484332703505186
0.0963	0.09691425879950451
0.2857	0.2857
0.359	0.359
0.4848	0.4838272650296358
0.1825	0.1825
0.2785	0.2785
0.0825	0.0825
0.4211	0.4211
0.1356	0.1356
0.1875	0.1875
0.5714	0.5714
0.0833	0.0833
0.7	0.7
0.0583	0.0583
0.3191	0.3191
0.1585	0.1585
0.0667	0.0667
0.1507	0.1528
0.5227	0.5221491141538098
0.0081	0.0081
0.2656	0.272
0.0203	0.0203
0.1889	0.1889
0.1935	0.19344332433082867
0.4444	0.4444
0.1042	0.1042
0.4576	0.4576
0.04	0.04
0.2016	0.2016
0.0957	0.0957
0.2647	0.2673
0.4167	0.4167
0.0146	0.0146
0.2589	0.2589
0.0642	0.0642
0.225	0.225
0.3125	0.3067163373285823
0.1197	0.1197
0.4286	0.4286
0.36	0.375
0.2837	0.2837
0.875	0.875
0.2222	0.2222
0.3125	0.30557463672391016
0.7429	0.7429
0.9714	0.9714
0.044	0.044
0.1927	0.1927
0.4667	0.4667
0.6154	0.6154
0.0332	0.03708848721077124
0.2143	0.2143
0.3333	0.3333
0.4545	0.45840188230103956
0.1349	0.1349
0.2911	0.2911
0.1649	0.16506067560881754
0.3158	0.3158
0.2034	0.2034
0.1875	0.1875
0.1429	0.1429
0.0833	0.0833
0.55	0.55
0.0667	0.0667
0.2766	0.2766
0.1463	0.1463
0.0667	0.0667
0.137	0.1389
0.5682	0.566311652369205
0.0081	0.008260635860165146
0.152	0.152
0.0	0.0
0.1889	0.1889
0.1935	0.1935
0.4444	0.4444
0.069	0.0694
0.4407	0.4407
0.08	0.08
0.1746	0.1613
0.0957	0.0957
0.2255	0.2277
0.5208	0.5208
0.1456	0.143090013551548
0.2232	0.2232
0.083	0.0839770844143888
0.35	0.35
0.3125	0.3125
0.1282	0.1282
0.3878	0.3878
0.44	0.4824993991828888
0.1277	0.1277
0.875	0.875
0.1389	0.1389
0.3125	0.3125
0.5429	0.5429
0.6286	0.6286
0.1099	0.1099
0.1545	0.1545
0.4833	0.4833
0.6154	0.6154
0.107	0.107
0.0714	0.0714
0.359	0.359
0.2727	0.2727
0.2302	0.2302
0.2658	0.2658
0.0825	0.0825
0.4211	0.4211
0.0678	0.0678
0.25	0.25
0.2857	0.2857
0.0833	0.0833
0.6	0.6
0.075	0.07646739070144104
0.234	0.234
0.2195	0.2195
0.2	0.2
0.274	0.2816526193615819
0.4091	0.4091
0.0	0.0
0.2063	0.2063
0.1892	0.1892
0.2778	0.2778
0.129	0.129
0.2222	0.2222
0.1517	0.15867838842072032
0.4237	0.4237
0.16	0.15958026649886778
0.2937	0.2937
0.234	0.2348493429995469
0.3039	0.3039
0.5208	0.5208
0.1262	0.12832757172711473
0.2232	0.2232
0.083	0.0833109825622143
0.35	0.35
0.3125	0.3125
0.1368	0.1368
0.4082	0.4082
0.48	0.5245051175345855
0.1277	0.1277
0.875	0.875
0.25	0.25
0.3125	0.3125
0.5429	0.5429
0.6286	0.6286
0.2747	0.2747
0.1636	0.1636
0.4833	0.4833
0.6154	0.6154
0.107	0.107
0.0714	0.0714
0.359	0.359
0.2727	0.2727
0.2302	0.2302
0.2785	0.2785
0.0619	0.0619
0.4211	0.4211
0.0678	0.0678
0.25	0.25
0.2857	0.2857
0.0833	0.0833
0.6	0.6
0.075	0.07565046818905216
0.234	0.234
0.1951	0.1951
0.2	0.2009233774305247
0.274	0.2786896846214848
0.4318	0.4318
0.0	0.0
0.1719	0.1746
0.1959	0.1959
0.2778	0.2778
0.0806	0.0806
0.2222	0.2222
0.1667	0.17039723545389826
0.4576	0.4576
0.24	0.24
0.2857	0.2857
0.234	0.23493688579942298
0.3039	0.3039
0.2444	0.2444
0.0148	0.0148
0.2072	0.2056
0.0659	0.0623
0.225	0.225
0.3125	0.31358682086696066
0.136	0.136
0.3958	0.3958
0.16	0.16
0.0441	0.0441
0.625	0.625
0.3056	0.3056
0.0625	0.0625
0.6	0.6
1.0	1.0
0.2222	0.2222
0.1481	0.1481
0.5333	0.5333
0.9231	0.9231
0.097	0.0974
0.1429	0.1429
0.0769	0.0769
0.3333	0.3333
0.127	0.127
0.2658	0.2658
0.0632	0.0632
0.2105	0.2105
0.1525	0.17003441003441006
0.0	0.0
0.5714	0.5714
0.0476	0.0476
0.75	0.75
0.0508	0.0508
0.2128	0.2128
0.0854	0.0854
0.0769	0.0769
0.3151	0.3151
0.3182	0.3182
0.0088	0.0088
0.126	0.126
0.0541	0.0541
0.2222	0.2159
0.1935	0.1935
0.2222	0.2820805821868803
0.0347	0.0347
0.3898	0.3898
0.08	0.08
0.304	0.304
0.2637	0.2637
0.2157	0.2157
0.8542	0.8667
0.1553	0.15387728713165488
0.1651	0.1682
0.0868	0.0739
0.4	0.4
0.25	0.25
0.1667	0.17153595745858985
0.551	0.5427291750798487
0.16	0.16
0.234	0.2190208039940408
0.875	0.8005345975388342
0.6111	0.6111
0.25	0.2845028619885521
0.7714	0.7714
1.0	1.0
0.2747	0.2778
0.2727	0.2691548621648319
0.4	0.4001635987456331
0.9231	0.9231
0.1107	0.1124
0.2143	0.2122246785634625
0.3846	0.3846
0.3333	0.3333
0.119	0.119
0.3797	0.37755926906518045
0.268	0.2737
0.2105	0.2105
0.1207	0.12140995251632967
0.4375	0.492978883052846
0.4286	0.4286
0.1667	0.18894391275317163
0.75	0.75
0.125	0.12855826411916849
0.1915	0.1915
0.1585	0.1585
0.2667	0.24852362282369458
0.3151	0.3151
0.3636	0.3622169195443699
0.1626	0.1262054711757598
0.125	0.126
0.1959	0.1959
0.2955	0.2955
0.2903	0.2903
0.2222	0.2222
0.0897	0.0903
0.4576	0.4512822030512438
0.6	0.5903470912663032
0.3175	0.32
0.2872	0.29464238106789703
0.1667	0.1667
0.4583	0.4583
0.0437	0.0437
0.2054	0.2054
0.0604	0.0604
0.325	0.325
0.3125	0.3081584604360733
0.1325	0.1325
0.4286	0.4233319603266449
0.2	0.2083
0.1277	0.1277
0.5	0.5
0.0833	0.0833
0.5	0.4662452688411443
0.5143	0.5143
0.4857	0.4857
0.2857	0.28675081883018727
0.1273	0.1273
0.4667	0.4667
0.6154	0.6154
0.1181	0.1185
0.2143	0.21732786391926961
0.3333	0.3333
0.3939	0.3939
0.2063	0.20662184236708817
0.2785	0.2785
0.0309	0.0309
0.3421	0.3421
0.0169	0.0169
0.25	0.25
0.2857	0.2857
0.125	0.0939303120273374
0.75	0.75
0.0417	0.05334403834833925
0.2128	0.2128
0.1341	0.1341
0.1333	0.1333
0.2877	0.2917
0.3636	0.3636
0.0	0.0
0.1094	0.1102
0.0946	0.0946
0.2667	0.2667
0.1129	0.1129
0.2222	0.2222
0.0828	0.0828
0.4068	0.4068
0.6	0.5842100072325598
0.3175	0.3175
0.1809	0.1809
0.2255	0.2255
0.5208	0.5208
0.1117	0.1117
0.2054	0.2054
0.1321	0.1321
0.325	0.325
0.3125	0.3125
0.1667	0.1667
0.449	0.449
0.25	0.25
0.1702	0.1702
0.75	0.75
0.25	0.25
0.2667	0.2667
0.6	0.6
0.8571	0.8571
0.2967	0.2967
0.1364	0.1364
0.55	0.55
0.7692	0.7692
0.1444	0.1444
0.2143	0.2143
0.4359	0.4359
0.5455	0.5455
0.2778	0.2778
0.2532	0.2532
0.2577	0.2577
0.4211	0.4211
0.0339	0.0339
0.25	0.25
0.7143	0.7143
0.1304	0.1304
0.8	0.8
0.042	0.042
0.234	0.234
0.2805	0.2805
0.1333	0.1333
0.1389	0.1389
0.4545	0.4545
0.0	0.0
0.1575	0.1575
0.277	0.277
0.2	0.2
0.1774	0.1774
0.2222	0.22496250267838014
0.1172	0.1172
0.4746	0.4746
0.04	0.04
0.1508	0.1508
0.1489	0.1489
0.3039	0.3039
0.5	0.5
0.1117	0.1117
0.2411	0.2411
0.0113	0.0113
0.3	0.3
0.3125	0.3125
0.1496	0.1515
0.3673	0.3673
0.08	0.08
0.2766	0.280222444018509
1.0	1.0
0.3333	0.3333
0.0	0.0
0.5714	0.5714
0.6	0.6
0.2308	0.2308
0.0818	0.0818
0.6333	0.6333
0.5385	0.5385
0.0	0.0
0.0	0.0
0.0	0.0
0.4545	0.47177608542808014
0.246	0.246
0.2025	0.2025
0.2784	0.28150800773938656
0.3947	0.3947
0.0	0.0
0.1875	0.1875
0.4286	0.4286
0.125	0.12479999999999998
0.65	0.65
0.0167	0.0167
0.2553	0.2553
0.4512	0.45410000327182304
0.1333	0.1333
0.0548	0.0548
0.1136	0.1136
0.0081	0.0081
0.2188	0.2188
0.0676	0.0676
0.3222	0.3222
0.129	0.129
0.0	0.0
0.0833	0.0833
0.5254	0.5254
0.0	0.0
0.0	0.0
0.1489	0.1489
0.3431	0.3431
0.5	0.5
0.1553	0.1553
0.2857	0.2857
0.083	0.08346289225779324
0.35	0.35
0.375	0.375
0.1602	0.1602
0.449	0.449
0.2	0.2
0.1223	0.1223
0.875	1.0
0.3056	0.3056
0.25	0.25
0.6286	0.6286
0.7714	0.7714
0.2527	0.2527
0.2273	0.2273
0.5667	0.5667
0.7692	0.7692
0.0812	0.0812
0.0714	0.0714
0.1026	0.1026
0.4839	0.4839
0.2302	0.2302
0.3924	0.3924
0.134	0.134
0.3947	0.3947
0.0847	0.0847
0.0625	0.0625
0.2857	0.2857
0.0833	0.0833
0.65	0.65
0.0417	0.0417
0.2766	0.2766
0.1392	0.1392
0.1333	0.1333
0.3014	0.3014
0.3409	0.3409
0.0081	0.0081
0.2109	0.2109
0.1486	0.1486
0.3111	0.3111
0.129	0.129
0.2222	0.2222
0.1448	0.1458
0.5085	0.5085
0.28	0.2801000357270454
0.2937	0.2937
0.2553	0.2553
0.2745	0.2745
0.3958	0.3958
0.0291	0.0291
0.1607	0.1607
0.0642	0.0642
0.2	0.2
0.125	0.125
0.1325	0.1325
0.0	0.0
0.28	0.28056666607932623
0.1915	0.1922333179061832
0.625	0.625
0.1667	0.1667
0.25	0.25
0.4	0.4
0.4857	0.4857
0.2198	0.22470734690311875
0.1909	0.1909
0.4333	0.4333
0.5385	0.5385
0.0738	0.07534443467795468
0.0714	0.0714
0.359	0.359
0.1515	0.1515
0.2302	0.2302
0.2658	0.2658
0.0412	0.0412
0.3421	0.3421
0.0508	0.0508
0.1875	0.1875
0.1429	0.1429
0.0833	0.0833
0.6	0.6
0.075	0.075
0.3043	0.3167713828019343
0.2927	0.2964120490058944
0.0	0.0
0.1644	0.1644
0.3182	0.3182
0.0163	0.0163
0.1016	0.1016
0.1351	0.1351
0.1333	0.1333
0.0161	0.0161
0.2222	0.22423898617116925
0.1379	0.1379
0.1356	0.1356
0.08	0.08
0.2698	0.272
0.1809	0.1809
0.2941	0.297
0.3958	0.3958
0.0243	0.0243
0.1786	0.1786
0.0642	0.0642
0.2	0.2
0.1875	0.1875
0.1325	0.1325
0.0	0.0
0.2	0.2006375066406942
0.227	0.23155769523099293
0.625	0.625
0.1944	0.1944
0.25	0.24924659238574468
0.5714	0.5558044973008324
0.4857	0.4857
0.2198	0.22467348097671774
0.2	0.2
0.4333	0.4333
0.5385	0.5385
0.0701	0.07217805500315977
0.0714	0.0714
0.3846	0.3852900450825861
0.1515	0.1515
0.2381	0.2381
0.2658	0.2658
0.0412	0.0412
0.3684	0.3684
0.0339	0.0339
0.1875	0.1875
0.1429	0.1429
0.0833	0.0833
0.6	0.6
0.0667	0.06995919181871456
0.2979	0.3182
0.3171	0.3204295866507179
0.0	0.0
0.1644	0.1644
0.3409	0.3409
0.0163	0.0163
0.1328	0.1328
0.1554	0.1554
0.1556	0.1556
0.0161	0.0161
0.2222	0.22302141019491561
0.1517	0.1517
0.1356	0.1356
0.16	0.16
0.296	0.296
0.1915	0.1915
0.2843	0.28644714155980333
0.5625	0.5625
0.1262	0.1262
0.2946	0.2973
0.0717	0.0687
0.425	0.425
0.375	0.375
0.1624	0.1631
0.3061	0.3061
0.16	0.1667
0.227	0.227
0.875	0.875
0.3056	0.3056
0.25	0.25
0.5143	0.5143
0.9429	0.9281214257297729
0.1209	0.1209
0.1909	0.17584117195422874
0.6333	0.6441
0.7692	0.75695713604936
0.1	0.1
0.2143	0.2143
0.0513	0.0513
0.3939	0.3939
0.1984	0.1984
0.3671	0.3671
0.0928	0.09878208481754597
0.4737	0.4737
0.0	0.0
0.0625	0.0625
0.7143	0.6931060948081265
0.125	0.12579326166996616
0.75	0.75
0.1	0.10087752207510708
0.2553	0.2553
0.0976	0.0976
0.1333	0.1333
0.3151	0.3273750937734433
0.2045	0.2045
0.0	0.0
0.2188	0.21928197438904945
0.1757	0.1757
0.3111	0.3111
0.4355	0.4344588579084961
0.2222	0.2222
0.1034	0.1042
0.4746	0.4746
0.28	0.28
0.246	0.246
0.3085	0.3125866093329611
0.3431	0.3431
0.4583	0.4583
0.1019	0.10406073962588692
0.2973	0.2973
0.1217	0.1221
0.325	0.325
0.1875	0.1875
0.1373	0.1373
0.3061	0.3061
0.25	0.25
0.2199	0.2199
0.875	0.875
0.25	0.25
0.3125	0.3125
0.6	0.6
0.9429	0.9429
0.2637	0.2637
0.2593	0.26637682452357936
0.5593	0.5593
0.6923	0.6923
0.1181	0.1185
0.1429	0.1429
0.1538	0.1538
0.5152	0.5152
0.2063	0.2063
0.3291	0.3291
0.0309	0.0309
0.4211	0.4211
0.0678	0.0678
0.375	0.375
0.7143	0.7143
0.0833	0.0833
0.8	0.8
0.0833	0.08449962571525876
0.2553	0.2553
0.1585	0.1585
0.1333	0.1333
0.3433	0.3433
0.4091	0.4091
0.0081	0.0081
0.1172	0.1172
0.1554	0.1554
0.2667	0.2667
0.1452	0.1452
0.2222	0.2222
0.1389	0.1389
0.3559	0.3559
0.28	0.28
0.2857	0.2857
0.2473	0.2473
0.2549	0.2549
0.4375	0.4375
0.0728	0.07363581224517303
0.1964	0.1964
0.0755	0.0755
0.2	0.2
0.3125	0.3125
0.1667	0.1667
0.1429	0.1429
0.12	0.12
0.2695	0.26973199328622144
0.875	0.8574653723058125
0.2778	0.2778
0.1875	0.1875
0.7429	0.7429
0.8857	0.8857
0.2857	0.29381015378952813
0.1727	0.1743
0.4167	0.4167
0.6923	0.6923
0.0332	0.0332
0.1429	0.1429
0.2051	0.2051
0.4242	0.41766491871880496
0.0635	0.0635
0.2658	0.26604640159330106
0.1134	0.1134
0.3421	0.3421
0.0	0.0
0.25	0.25
0.5714	0.5714
0.0417	0.0417
0.75	0.75
0.05	0.05
0.234	0.234
0.2317	0.2317
0.1333	0.13848012481533128
0.0548	0.0548
0.3864	0.3864
0.0244	0.02631346919291546
0.1328	0.1328
0.2027	0.2027
0.1667	0.1705
0.2097	0.21020110352332258
0.1111	0.1111
0.0621	0.0621
0.3898	0.3883974965698898
0.04	0.04
0.0873	0.0873
0.2128	0.21449824296379538
0.2549	0.2549
0.4167	0.4167
0.0243	0.0243
0.125	0.125
0.1132	0.11125728906442935
0.225	0.225
0.3125	0.3125
0.1154	0.1121
0.449	0.449
0.16	0.16
0.1844	0.1844
0.625	0.625
0.1944	0.1944
0.0625	0.0625
0.6	0.6
1.0	1.0
0.2308	0.2308
0.1273	0.1273
0.5167	0.5167
0.7692	0.7480804010380566
0.0701	0.0701
0.2143	0.2143
0.2308	0.2308
0.303	0.303
0.0952	0.096
0.3165	0.3165
0.2268	0.22738758486451255
0.2105	0.2105
0.1864	0.19481046104467226
0.1875	0.1875
0.1429	0.1429
0.0417	0.0417
0.4	0.4
0.05	0.0504
0.2128	0.2128
0.122	0.122
0.0667	0.0667
0.2192	0.2110858329096763
0.1818	0.1818
0.0	0.0
0.125	0.125
0.1419	0.1419
0.1556	0.1556
0.1774	0.1774
0.3333	0.35204381867084816
0.0828	0.0638
0.4407	0.4401336320893329
0.0	0.0
0.2857	0.2857
0.1809	0.1809
0.2157	0.2178
0.2083	0.2083
0.0	0.0
0.2232	0.22489704219023565
0.0491	0.0491
0.125	0.1282
0.125	0.125
0.0726	0.073
0.2653	0.2653
0.12	0.12
0.2128	0.21403602105846498
0.625	0.625
0.3333	0.3337141130138491
0.1875	0.23683606013425565
0.5429	0.5276935780145875
0.2286	0.2286
0.2308	0.22362522904812424
0.1818	0.18273677467197916
0.3167	0.3167
0.1538	0.1538
0.0258	0.0258
0.0714	0.0714
0.0769	0.0769
0.1818	0.1818
0.1667	0.1667
0.4051	0.4156
0.0309	0.0309
0.4474	0.4474
0.0	0.0
0.125	0.125
0.7143	0.6247417004048584
0.0417	0.0417
0.5	0.5
0.075	0.10526389218001041
0.2979	0.2829805334720262
0.2439	0.2436978213673486
0.0667	0.0667
0.137	0.13763688520687523
0.4318	0.4318
0.0	0.0
0.0859	0.0859
0.1554	0.15
0.2111	0.2111
0.0968	0.0968
0.2222	0.2222
0.1172	0.12156129032258063
0.2712	0.2182
0.08	0.08
0.246	0.24066250840845466
0.1064	0.1064
0.1765	0.1765
0.4375	0.4375
0.1373	0.1373
0.2342	0.2342
0.1174	0.11516374177373861
0.175	0.175
0.4375	0.4375
0.1552	0.1552
0.3673	0.3673
0.12	0.12
0.1418	0.1418
0.875	0.875
0.4722	0.4737947752436626
0.1875	0.1875
0.6	0.6
0.9714	0.9714
0.3297	0.3333
0.2455	0.2455
0.5833	0.5833
0.6923	0.6923
0.0923	0.0859
0.3636	0.3636
0.4359	0.4359
0.3939	0.3939
0.1429	0.1429
0.2785	0.2785
0.0842	0.0842
0.4211	0.4211
0.069	0.069
0.6875	0.699563363119415
0.7143	0.7143
0.087	0.087
0.75	0.75
0.0288	0.0288
0.234	0.234
0.2439	0.2439
0.2143	0.2143
0.0822	0.0822
0.3864	0.3864
0.0167	0.0167
0.1719	0.1719
0.0357	0.0357
0.2889	0.2889
0.2258	0.2258
0.2222	0.2222
0.131	0.131
0.339	0.339
0.08	0.08
0.1795	0.1795
0.1489	0.1489
0.297	0.297
0.4375	0.43783833803729244
0.0534	0.05199272883641837
0.2232	0.2252
0.1364	0.13555747673292629
0.2	0.2
0.1875	0.1875
0.0556	0.0517
0.3061	0.3061
0.24	0.24080072729198482
0.0993	0.0993
0.875	0.8386394914476701
0.4444	0.4444
0.375	0.375
0.6286	0.6286
0.5429	0.5429
0.3333	0.3333
0.2091	0.2091
0.5333	0.5333
0.6154	0.549851565311263
0.1311	0.11914815851300005
0.2143	0.2726079281253651
0.2821	0.3245516079376009
0.4848	0.4848
0.2619	0.2619
0.3544	0.3544
0.1649	0.1684
0.4474	0.4449529418557654
0.0508	0.0517
0.2667	0.2667
0.8571	0.8571
0.2917	0.3196375160233586
0.85	0.8446752629151398
0.275	0.2469065472528638
0.234	0.234
0.378	0.378
0.3333	0.3031548516842635
0.2603	0.2620342416569031
0.4091	0.4091
0.0325	0.03328006118480625
0.0938	0.0938
0.1757	0.15
0.3556	0.3556
0.2419	0.2419
0.3333	0.3606079113818146
0.1448	0.1457747437350229
0.3559	0.3559
0.28	0.2798038614771683
0.3175	0.3104128796996433
0.2234	0.22470884289746
0.3333	0.32575846560268973
